20 15
2 9 2 3 22 14 1 2 1 6 3 5 1 8 2 10 1 9 5 4 3 12 9 3 10 15 2 11 5 3 4 3 12 2 4 3 11 20 0 5 8 13 1 8 3 9 3 17 6 4 6 4 13 20 1 3 4 16 7 21 8 3 4 3 19 12 4 12 7 4 2 22 6 20 15 2 3 14 1 4 3 15 24 17 1 10 2 14 6 5 3 5 25 10 20 16 16 11 5 14 13 1 3 1 2 1 11 1 11 14 3 11 3 3 12 2 10 13 2 8 4 31 14 10 2 4 14 15 16 12 4 22 21 2 25 1 12 1 24 
2 9 6 4 2 7 3 8 2 4 23 9 3 2 6 10 9 14 12 2 19 8 1 11 11 5 5 5 3 14 8 15 2 5 1 5 1 2 10 18 14 6 13 2 11 2 4 12 10 4 18 12 1 14 6 20 3 23 2 3 12 10 22 2 2 13 5 2 4 15 22 19 6 7 2 5 14 10 4 0 5 4 2 4 3 1 2 1 5 1 3 8 4 17 15 3 5 2 2 1 3 14 2 14 15 6 2 9 3 9 6 3 20 14 26 4 2 18 20 10 22 
2 9 6 3 30 25 4 12 1 9 0 3 3 8 2 9 17 13 13 4 17 2 2 11 2 11 2 11 7 4 15 3 6 15 2 22 9 31 2 2 13 7 7 18 3 5 6 5 3 4 1 7 1 3 1 8 12 4 10 3 3 15 5 18 1 3 10 5 10 14 3 13 4 6 3 10 3 3 9 4 14 4 1 8 1 6 1 6 6 1 4 6 6 1 12 4 3 3 14 5 5 11 7 2 15 1 11 1 14 1 7 11 3 25 10 1 28 3 17 8 2 7 3 9 9 4 5 8 13 2 2 7 5 4 18 1 9 14 2 17 22 5 16 
2 9 9 2 18 20 2 13 6 3 6 25 18 13 5 3 1 3 17 3 1 14 1 3 7 3 6 4 5 14 3 6 12 2 28 23 5 16 4 3 27 11 2 21 1 18 0 3 27 23 2 30 3 7 5 3 1 21 10 4 10 18 11 4 21 17 5 4 1 4 2 18 6 10 4 3 7 7 12 7 12 7 16 14 4 18 8 5 8 1 4 1 21 2 5 23 2 3 8 1 12 1 16 1 29 3 5 5 8 1 7 1 13 1 7 5 13 8 3 4 15 14 2 2 3 13 5 7 13 6 15 3 8 1 14 1 11 
2 9 11 5 7 10 1 17 12 17 1 14 2 21 13 2 7 20 13 2 1 2 2 17 26 28 6 5 16 4 2 18 7 23 2 4 5 30 7 3 10 2 5 10 1 8 5 4 1 8 11 8 3 3 3 5 8 3 10 15 10 19 4 23 9 4 11 16 5 17 1 15 6 5 3 3 17 17 4 23 3 18 6 10 5 2 2 25 16 5 25 1 27 1 15 2 2 7 7 17 19 0 2 23 24 1 6 14 4 6 12 7 28 14 15 1 24 12 4 1 2 6 2 3 3 5 15 4 3 1 4 13 2 4 15 
2 9 8 3 4 5 11 11 9 19 11 3 1 6 13 17 5 9 14 2 1 17 20 5 1 4 21 28 8 30 3 17 1 4 7 4 29 25 1 19 2 18 2 9 6 2 17 25 18 13 5 3 14 13 1 17 25 16 10 5 24 2 8 10 1 29 1 36 2 9 3 5 5 4 2 21 11 22 4 23 1 22 6 2 3 19 15 3 20 4 8 4 5 1 8 8 10 1 13 3 3 2 14 9 2 22 17 6 20 13 5 11 11 15 9 10 38 1 13 1 8 12 3 3 11 8 3 2 9 0 4 18 11 5 18 1 23 1 21 
2 9 13 3 4 17 1 23 22 20 3 3 10 28 6 11 14 2 6 3 15 21 5 6 1 15 8 4 4 18 7 4 4 16 4 17 12 3 1 8 2 10 9 7 4 3 11 23 4 3 12 7 2 4 10 22 10 19 2 3 17 22 9 4 8 10 3 8 1 11 1 7 14 5 4 2 1 7 4 6 2 7 1 5 6 5 4 18 22 15 11 2 16 1 14 10 5 2 8 11 5 5 6 1 2 2 5 11 4 6 13 5 11 5 17 1 10 1 4 6 20 17 25 2 24 4 12 0 5 3 7 1 4 1 6 5 13 7 15 7 3 4 14 26 19 3 25 
2 9 5 5 15 3 8 7 1 11 2 3 1 17 4 2 13 15 6 16 6 4 5 12 6 19 5 6 13 27 9 5 4 6 3 17 4 3 4 10 5 19 3 2 17 12 4 18 10 5 33 40 4 8 1 28 1 11 1 24 8 4 6 11 2 12 3 11 3 5 14 5 6 32 28 12 2 20 1 4 2 6 13 5 23 23 3 4 5 36 2 32 6 36 6 2 3 12 24 7 19 8 7 1 4 30 25 1 8 4 3 1 34 12 3 9 5 1 11 2 5 11 4 11 35 4 8 17 31 5 9 7 3 19 12 2 13 1 8 0 4 6 13 2 12 3 10 2 12 
2 9 13 3 7 21 12 11 13 9 11 2 19 11 10 12 8 4 15 22 6 8 2 18 1 6 3 4 15 20 1 9 7 9 4 24 5 3 3 34 1 21 36 14 4 3 1 9 18 19 2 2 9 4 23 26 1 18 1 5 1 14 0 4 16 15 2 25 3 7 6 22 14 4 9 12 2 22 14 11 2 10 6 6 3 12 11 1 7 3 11 2 5 5 3 9 6 2 6 3 4 2 3 10 5 6 2 4 7 1 2 1 8 1 9 7 3 8 9 12 13 8 21 12 4 18 14 2 13 3 15 5 9 1 4 14 11 4 25 1 12 13 14 
2 9 12 5 4 33 16 15 4 3 1 17 10 27 1 5 6 5 2 8 1 6 1 6 1 4 5 4 35 31 2 34 1 28 1 36 14 4 7 7 2 12 5 9 4 16 7 2 11 2 12 9 0 5 18 16 2 8 1 7 1 15 12 12 3 3 17 19 4 10 3 24 13 4 7 11 1 9 1 6 2 5 8 3 12 2 12 9 6 28 6 11 2 11 2 20 7 4 4 6 2 7 3 1 3 1 3 10 4 12 10 1 10 1 12 1 14 2 4 1 7 3 26 10 23 14 9 9 3 3 8 8 22 15 7 6 4 3 2 7 21 10 14 13 10 
2 9 10 3 8 17 10 15 10 15 5 3 5 28 17 35 15 29 12 2 20 4 9 14 1 5 20 11 5 11 1 7 1 27 4 24 7 3 13 6 5 8 7 21 8 5 5 8 4 2 2 3 1 9 1 9 14 4 2 3 8 14 2 3 2 6 4 2 7 9 13 3 3 5 2 14 17 24 5 11 2 14 1 20 6 9 4 2 2 9 6 11 12 3 18 13 3 6 3 12 5 13 17 11 3 2 10 5 8 7 9 6 3 11 17 7 25 7 8 2 3 7 39 9 39 23 4 0 5 5 29 5 34 23 10 1 11 2 21 
2 9 0 2 18 19 4 16 11 5 2 15 15 23 6 13 1 24 1 25 5 2 18 21 10 12 13 5 29 22 3 4 1 11 1 33 1 31 4 5 15 25 8 8 1 16 1 17 6 31 8 5 13 15 4 4 1 17 2 2 1 14 9 2 3 15 17 8 14 4 1 17 5 3 5 10 8 12 2 4 3 13 11 29 13 23 2 24 6 7 5 5 6 10 5 5 7 8 11 4 25 10 2 13 9 5 14 1 2 8 11 10 12 3 5 2 7 6 3 1 3 1 8 1 7 12 3 8 16 1 7 8 3 6 2 11 15 4 2 
2 9 12 2 25 21 14 9 5 3 14 17 3 30 15 24 2 5 11 25 18 15 1 21 4 33 2 22 8 4 9 3 2 2 1 5 2 14 3 3 10 19 6 5 12 3 13 4 22 31 1 13 4 27 10 31 0 3 27 20 5 12 6 38 6 4 15 8 1 12 3 17 1 12 7 4 7 10 9 11 2 3 1 3 6 11 4 1 12 2 3 4 6 5 10 14 4 6 14 7 2 8 19 1 14 1 3 1 7 11 4 24 16 4 5 9 11 2 4 2 10 1 3 1 9 9 4 29 9 1 17 1 31 1 16 10 4 9 13 1 7 2 4 4 10 
2 9 8 2 24 9 4 15 1 4 5 21 3 14 5 15 16 27 14 5 25 27 1 28 10 16 1 23 3 31 12 5 4 19 7 19 9 12 2 13 1 8 4 5 19 19 7 28 3 21 4 16 1 9 5 2 25 14 8 13 6 3 22 8 3 16 2 6 10 3 5 8 1 8 11 7 0 4 9 10 4 15 5 9 2 10 6 7 3 18 22 3 16 7 20 11 2 16 18 5 5 2 3 11 7 2 21 8 21 13 5 13 3 4 15 1 12 1 13 1 5 9 5 9 12 8 29 6 23 8 33 2 26 3 5 11 16 4 11 10 12 1 21 1 17 
2 9 9 5 17 3 1 11 1 13 1 6 1 17 14 5 13 28 2 8 13 21 2 24 4 28 3 3 25 26 4 3 1 22 12 2 23 26 15 4 0 5 3 8 1 2 3 11 2 7 2 8 11 4 5 3 9 5 1 11 1 8 2 4 9 8 3 6 1 13 1 9 5 4 1 6 2 6 4 3 7 4 1 2 14 18 20 12 6 8 4 22 9 5 31 1 7 5 16 4 3 8 12 5 21 10 8 13 3 32 5 2 39 6 8 10 2 2 9 10 10 6 2 1 4 22 7 7 4 10 17 15 7 1 16 1 23 
2 9 9 3 7 11 4 7 2 4 14 2 18 29 22 25 7 5 17 31 12 33 2 30 2 7 3 20 4 2 12 12 5 8 0 3 3 12 1 6 9 8 5 2 29 2 4 16 8 4 11 9 6 22 2 16 6 4 13 2 11 9 13 23 10 4 4 15 10 23 1 18 8 14 6 3 5 9 28 22 19 2 27 1 17 2 16 2 3 20 24 7 26 2 6 1 5 13 12 2 10 1 10 1 6 1 14 11 5 5 4 2 8 1 11 3 11 2 3 6 4 23 15 3 23 4 10 3 30 12 4 1 10 5 3 4 7 3 8 
2 9 3 3 23 21 1 9 1 13 5 2 6 6 9 13 2 5 12 2 1 4 1 17 13 12 1 14 12 5 4 20 28 40 2 6 5 27 1 38 7 4 4 39 4 12 23 21 8 28 1 3 25 5 2 30 4 29 8 3 17 9 6 25 12 19 6 3 14 7 10 31 7 26 11 3 16 4 16 6 4 24 6 4 2 11 7 1 7 10 2 17 32 16 22 14 2 18 6 1 7 9 5 10 13 2 6 2 2 1 10 1 4 13 5 10 27 10 14 5 21 1 4 1 26 0 5 7 18 9 4 1 15 1 4 3 11 
2 9 12 5 2 10 12 20 4 10 1 7 3 19 10 4 10 2 1 10 1 14 2 12 0 4 1 4 9 5 1 2 1 5 2 5 2 4 10 3 2 4 5 17 1 20 5 5 6 10 3 7 1 4 1 3 1 4 1 3 1 17 4 15 13 4 11 5 4 11 2 11 6 3 4 2 1 4 8 3 12 37 5 10 22 27 14 2 23 5 8 7 6 3 3 19 21 10 31 2 17 7 5 12 2 12 2 6 31 1 19 1 23 9 3 6 8 7 2 7 10 13 3 1 24 23 23 5 22 4 4 5 2 2 11 4 5 2 7 6 3 11 14 3 13 12 10 
2 9 5 2 7 14 11 11 10 5 17 3 6 12 3 8 3 22 1 20 7 2 25 6 13 18 14 3 1 11 3 18 18 6 13 3 10 4 1 13 4 11 11 4 14 14 1 12 3 19 2 12 9 4 12 13 1 16 1 15 2 14 3 5 6 12 3 9 5 8 1 15 2 6 1 5 4 2 5 8 1 5 1 7 1 10 6 2 2 9 2 4 7 12 2 17 22 23 33 6 2 3 7 14 4 8 3 10 6 14 5 6 27 4 4 16 7 19 37 1 38 2 17 0 2 5 9 8 6 
2 9 9 5 27 5 1 24 1 22 1 25 1 25 8 5 21 12 9 39 6 17 1 31 2 39 12 2 9 18 18 27 1 2 8 4 6 11 5 2 23 3 10 17 3 3 24 25 6 25 1 31 11 2 3 5 19 11 13 3 11 8 14 33 11 25 0 3 14 6 1 12 1 5 6 7 2 6 2 5 11 14 4 8 4 3 12 1 8 2 4 4 3 27 3 1 16 1 10 6 4 13 21 4 6 2 9 9 16 2 4 4 20 1 9 14 22 3 4 10 3 4 11 8 14 5 3 
