20 15
4 4 2 3 21 14 1 23 2 19 3 5 4 6 3 8 1 9 1 4 3 4 9 2 3 5 14 15 4 4 16 20 9 11 1 15 1 19 4 0 4 18 14 1 3 1 14 1 12 6 5 11 14 2 14 7 4 4 14 1 6 8 4 24 15 1 2 1 26 1 27 7 5 20 15 2 23 2 6 1 18 1 21 4 1 4 20 28 5 26 2 19 3 30 5 2 11 4 20 15 11 5 3 11 3 15 5 11 6 17 1 12 14 5 9 9 1 11 3 4 1 10 2 9 3 13 3 2 11 29 34 8 31 10 2 4 10 15 7 12 2 14 3 12 6 
4 4 6 4 12 24 14 25 1 21 3 29 3 4 5 8 7 4 2 15 1 6 12 5 4 5 9 19 3 6 3 8 1 2 11 2 18 14 1 9 4 1 3 21 6 2 8 1 21 13 4 3 3 1 6 3 6 8 12 10 3 5 9 17 7 6 8 2 2 6 30 30 21 4 5 4 13 21 5 7 6 7 2 18 7 2 9 13 6 14 0 2 8 10 3 10 8 2 14 13 9 3 3 14 5 10 11 7 2 1 9 1 15 1 12 9 2 3 19 23 25 4 5 2 27 5 19 11 20 4 19 6 9 
4 4 6 2 1 5 34 20 0 5 8 20 9 5 1 20 3 13 1 7 13 3 13 8 3 7 7 14 7 4 26 30 4 20 1 22 1 22 4 2 4 9 15 3 10 3 18 5 14 3 4 9 9 1 12 1 5 1 4 12 4 4 16 7 3 6 5 2 5 10 3 11 2 3 22 9 13 4 9 2 16 14 1 2 1 5 5 5 6 2 1 6 1 12 1 13 5 5 2 11 11 9 1 15 1 12 1 9 11 3 1 8 13 22 15 16 3 8 5 5 14 1 15 3 9 5 14 2 9 4 2 3 22 19 14 14 2 13 15 9 3 
4 4 9 5 16 2 1 18 1 7 1 18 1 15 6 3 24 21 1 11 4 25 1 4 6 9 7 11 5 9 1 14 7 3 8 11 5 8 1 4 4 12 5 9 4 20 28 2 3 1 9 1 10 4 2 11 13 19 9 0 5 12 4 13 3 5 5 1 30 1 24 5 3 10 19 5 7 6 21 4 11 5 2 10 3 6 8 9 9 22 7 15 10 3 6 21 15 16 3 10 14 5 18 19 1 21 2 10 1 12 3 7 2 5 16 17 2 6 6 9 3 10 2 15 3 3 2 3 12 10 12 8 4 15 7 3 6 1 10 1 2 13 5 14 11 1 18 1 13 1 4 1 4 
4 4 11 4 3 7 5 10 9 14 6 12 13 3 4 18 4 13 12 14 1 4 14 5 5 9 8 23 1 28 6 3 27 32 3 22 2 10 4 7 3 7 6 8 13 1 14 5 5 4 10 11 14 1 14 1 3 1 6 8 5 6 7 13 7 2 12 2 8 1 11 9 5 19 10 1 15 1 13 1 14 1 7 4 3 5 2 6 10 19 7 10 2 6 3 20 10 3 17 28 14 18 3 9 2 2 19 5 5 17 0 4 2 19 16 13 4 13 2 6 3 14 3 21 15 5 5 2 11 12 2 5 11 10 14 4 2 3 10 15 15 
4 4 8 2 18 13 6 15 11 5 4 19 11 8 1 16 2 16 1 12 14 4 16 7 1 19 2 3 2 20 1 3 3 23 18 14 12 4 4 7 4 16 11 16 24 1 9 1 18 6 4 8 6 8 7 2 2 17 5 5 5 25 39 3 33 1 39 10 9 1 13 10 2 17 21 19 6 4 3 4 7 16 12 20 2 18 2 5 2 4 22 17 2 15 1 13 1 8 4 3 9 13 3 9 3 5 9 3 18 6 3 27 7 23 3 13 3 35 14 1 15 2 19 12 4 6 10 5 6 1 4 1 6 0 2 12 15 13 7 
4 4 13 2 26 4 1 19 3 5 8 21 5 22 10 7 2 9 5 27 6 2 14 4 7 13 8 2 16 14 3 6 4 12 3 5 3 6 9 1 11 4 2 4 22 23 27 2 4 32 33 2 2 4 35 1 14 9 2 7 2 6 13 4 14 2 8 3 4 12 5 2 10 13 26 8 10 2 4 12 17 19 11 3 5 13 4 17 8 16 3 1 2 13 23 16 5 0 2 9 5 8 9 7 5 7 32 20 10 1 6 2 7 3 31 
4 4 5 5 22 11 1 6 1 14 2 26 1 5 4 5 7 3 8 5 1 3 1 16 2 8 6 4 9 22 9 26 3 13 8 22 9 5 5 2 11 5 2 12 1 16 1 5 4 3 3 7 12 8 17 6 12 10 5 11 18 4 27 2 22 9 26 14 37 8 5 1 3 1 8 9 13 2 12 1 12 14 2 27 15 12 23 4 13 3 4 28 15 29 20 5 2 5 15 2 5 27 2 16 1 26 4 23 1 5 2 12 31 28 1 24 1 24 1 22 12 4 5 7 2 10 3 12 2 9 3 11 2 21 22 16 21 7 2 7 6 15 5 0 3 6 3 2 9 5 11 
4 4 13 4 8 25 21 9 2 25 1 26 11 2 7 13 22 20 8 4 21 3 1 15 1 14 1 4 3 4 15 23 6 27 1 23 5 20 4 5 4 31 25 5 31 2 18 2 34 4 4 4 14 8 15 3 17 6 13 9 2 21 13 5 23 0 5 3 5 17 6 5 14 1 10 1 22 4 14 2 7 10 20 4 6 3 4 6 4 4 8 13 2 5 3 6 7 11 9 13 1 20 1 12 10 4 7 9 1 5 2 11 3 6 3 7 2 16 14 12 23 12 4 3 7 12 6 12 27 1 4 1 2 28 2 4 21 
4 4 12 2 18 13 17 3 1 4 5 7 4 9 1 6 1 6 5 5 4 17 19 24 4 39 2 2 10 11 14 2 13 10 5 13 4 7 4 13 22 3 7 3 6 4 15 0 4 16 20 2 24 10 7 6 26 3 4 12 2 6 5 4 7 2 20 13 5 6 11 1 10 2 6 1 8 1 8 4 8 5 1 20 24 3 3 23 1 14 1 23 11 3 6 20 15 9 10 6 4 3 13 12 1 5 1 13 10 4 1 12 6 14 4 8 4 10 3 2 2 7 28 21 5 9 4 15 14 4 10 1 6 6 6 6 5 16 19 11 11 3 7 2 32 1 5 
4 4 10 5 1 5 1 12 24 15 1 3 1 11 5 4 18 30 4 7 12 2 3 10 12 5 7 22 4 6 7 13 2 25 9 7 1 5 25 26 2 6 2 13 1 26 1 5 4 7 3 9 23 6 10 10 21 8 3 5 5 3 7 5 11 14 2 4 14 10 11 4 3 18 12 1 16 1 4 4 3 2 9 19 18 16 9 5 11 3 8 14 4 19 1 12 1 2 13 3 18 9 3 25 10 4 11 5 10 14 1 9 1 14 1 5 1 2 3 6 2 9 15 16 16 2 5 18 34 7 2 1 31 11 20 2 16 0 4 8 33 13 28 5 15 10 35 
4 4 0 3 15 4 1 16 6 11 11 2 19 17 6 12 5 4 21 10 1 24 3 17 3 20 13 2 4 19 31 20 4 4 4 3 8 20 24 1 25 7 9 8 5 9 11 1 20 7 14 1 14 3 14 9 4 11 3 7 3 1 9 1 10 14 3 5 6 7 15 7 8 4 2 3 18 26 3 25 8 12 7 4 4 7 17 8 3 2 8 23 10 2 14 4 4 16 1 3 11 2 5 14 2 4 3 3 2 9 11 2 8 12 2 5 11 12 10 6 5 8 4 3 15 1 3 1 2 2 10 
4 4 12 5 17 6 15 15 5 35 1 31 1 13 5 2 26 30 6 8 2 2 28 24 8 19 8 4 5 11 3 5 2 4 4 6 4 3 2 23 24 5 6 13 4 4 29 25 6 6 32 2 13 0 4 22 5 13 18 2 32 1 3 6 2 19 7 1 17 4 7 4 4 2 13 19 1 3 1 5 11 2 1 7 11 3 14 5 18 11 1 20 1 21 1 21 1 20 1 4 29 31 4 15 2 2 1 22 3 4 4 10 10 3 2 1 15 1 8 9 3 28 13 2 22 2 25 10 3 2 16 13 14 1 6 
4 4 8 5 14 18 2 7 5 18 4 19 3 7 1 3 5 23 16 29 8 26 14 4 25 27 3 13 10 38 2 22 12 5 12 14 4 11 4 10 1 6 2 13 4 4 4 31 13 1 9 1 11 1 4 5 5 11 22 7 7 1 27 8 13 6 13 6 5 15 8 4 12 2 20 4 8 2 23 10 5 9 14 4 14 2 3 1 14 1 14 4 0 5 4 14 6 15 1 11 1 20 8 15 7 2 21 22 7 9 11 4 7 6 10 8 2 19 2 10 2 4 6 12 7 2 7 10 1 12 3 13 4 16 2 2 19 1 13 1 9 9 5 13 24 4 21 14 33 1 19 1 32 3 3 15 10 3 24 9 19 
4 4 9 3 19 8 1 2 1 13 14 5 28 3 1 16 2 17 2 15 1 12 3 4 9 8 3 27 6 29 12 8 12 2 29 30 9 9 4 0 4 7 10 2 5 1 11 1 6 11 4 3 13 5 15 1 10 7 9 2 5 5 2 3 14 1 13 3 3 2 4 5 4 6 4 3 9 3 13 2 2 4 1 4 2 7 16 28 10 11 6 8 8 3 5 14 22 15 6 13 4 2 22 23 1 20 13 4 16 16 17 19 1 29 6 14 3 10 4 2 12 8 2 1 3 1 10 6 5 9 22 7 11 5 18 1 8 1 13 7 2 12 12 15 2 
4 4 9 4 5 3 6 8 1 3 1 3 14 4 20 29 14 36 4 9 2 40 7 2 4 6 32 30 4 2 9 11 8 8 4 0 5 7 12 3 6 1 12 1 12 1 6 5 4 24 30 1 12 7 7 1 31 8 5 4 2 8 12 11 24 1 19 1 25 13 4 3 11 14 6 4 24 3 16 4 10 3 15 19 1 6 7 5 3 5 26 23 4 33 4 18 1 6 1 8 2 3 8 20 19 20 2 8 1 4 4 12 2 18 2 9 10 9 3 11 2 6 7 7 8 6 5 17 13 8 31 2 31 5 11 1 14 12 2 9 8 4 4 
4 4 3 5 8 14 3 18 5 22 2 22 7 17 5 5 11 2 1 11 1 14 1 2 1 12 2 4 6 20 15 14 5 19 2 19 12 2 36 26 4 15 4 7 4 12 30 13 3 13 33 1 2 1 3 6 26 12 3 13 4 8 5 29 15 1 10 1 28 3 30 1 31 6 4 4 27 11 20 4 8 12 16 4 11 2 12 14 24 36 4 2 8 7 4 7 10 2 25 23 8 17 14 2 1 18 18 9 3 9 4 2 13 4 14 5 2 5 5 13 2 20 21 7 10 0 3 8 3 9 16 4 16 
4 4 12 2 20 19 2 9 10 4 2 14 10 4 1 2 1 9 0 5 8 5 1 8 1 3 1 11 1 11 2 5 13 17 4 18 1 13 1 18 1 20 4 5 4 1 3 4 4 2 7 5 3 1 3 11 17 4 2 3 18 11 5 6 15 7 10 2 12 1 6 1 13 8 3 9 9 10 39 20 13 4 14 2 9 19 22 10 3 2 17 12 14 8 7 2 30 28 2 25 9 2 6 7 14 9 3 13 3 7 16 17 23 5 2 4 2 9 13 4 5 6 4 23 14 1 16 1 13 1 2 
4 4 5 4 10 3 5 2 2 5 1 17 10 3 11 8 12 4 7 12 7 2 13 18 25 30 14 5 5 10 12 2 2 20 2 10 1 10 4 13 2 8 15 7 8 11 3 8 10 5 2 7 18 9 3 6 3 1 15 9 6 3 2 3 6 14 7 4 1 2 2 12 10 4 2 3 3 10 2 5 8 7 12 5 9 21 28 28 1 27 1 27 1 18 6 5 7 15 2 11 4 11 1 17 3 7 3 8 5 11 14 12 18 3 20 3 21 1 4 4 2 12 23 26 37 0 3 7 9 3 9 3 11 
4 4 9 5 22 3 1 24 2 5 4 2 2 25 8 5 15 26 11 15 6 29 3 24 4 9 12 5 3 21 5 11 1 21 12 17 6 13 1 5 8 3 3 14 1 4 1 4 1 11 4 5 3 31 3 1 24 1 28 3 3 14 31 8 22 9 20 11 5 4 3 15 5 1 12 1 20 1 11 13 4 3 4 31 26 1 7 1 33 4 0 5 9 3 4 12 1 10 1 4 1 14 7 4 8 8 1 2 1 2 1 10 14 2 2 8 12 10 4 2 5 9 24 7 3 6 5 16 27 1 11 1 2 1 2 9 2 2 4 11 9 8 8 1 13 2 19 10 2 10 12 7 4 
