20 15
2 14 2 3 8 19 4 9 12 13 3 3 2 4 7 12 3 3 9 2 12 4 5 15 4 2 7 3 20 6 0 2 7 17 14 19 6 3 10 4 13 8 2 22 8 2 13 9 14 7 7 4 9 2 5 19 6 14 6 10 1 3 28 8 1 23 1 19 5 3 26 13 4 31 1 17 11 4 9 4 3 8 5 6 1 2 14 2 2 6 14 5 13 2 22 25 17 7 10 5 11 11 3 2 3 5 1 17 1 8 1 12 5 22 21 1 16 1 20 1 17 1 7 
2 14 6 5 2 12 16 3 4 17 7 5 1 16 3 2 12 8 3 10 12 2 2 3 18 15 11 2 18 18 1 3 1 5 13 6 4 19 1 6 1 22 5 9 13 3 3 3 7 9 5 13 10 4 1 5 18 22 1 19 8 22 2 5 13 33 16 34 3 28 3 19 1 15 5 4 19 5 1 26 2 11 4 17 7 2 12 8 3 14 0 3 9 10 1 7 1 6 8 4 19 5 2 16 1 14 1 3 14 4 8 15 7 19 2 13 3 9 9 4 21 3 3 2 1 15 1 19 1 4 3 6 15 3 25 19 28 
2 14 6 4 1 13 1 26 15 15 18 25 0 3 13 7 6 21 3 2 13 2 2 18 21 3 7 2 27 24 5 16 2 3 6 11 5 2 9 4 3 4 7 10 2 6 2 7 1 12 12 3 12 8 5 4 2 15 10 5 7 16 13 7 1 19 1 9 1 11 9 2 3 9 14 4 1 3 7 13 3 11 4 14 5 3 1 16 14 4 1 14 11 4 2 7 6 15 1 5 20 15 8 3 13 7 2 4 1 9 4 4 14 16 4 7 3 22 1 15 1 14 2 3 14 19 4 
2 14 9 5 4 11 3 9 5 3 6 12 2 14 6 4 10 28 1 21 10 2 8 25 1 5 14 19 1 6 1 2 1 4 2 5 7 5 2 7 9 9 1 11 1 5 1 4 12 4 27 18 4 29 1 6 1 23 4 2 22 21 8 19 0 2 28 22 4 26 5 4 5 19 1 7 10 14 5 5 11 2 18 18 11 20 10 4 18 16 3 8 1 19 2 17 14 2 17 25 8 4 2 5 25 4 1 4 1 19 1 4 1 7 3 2 11 6 2 13 8 5 9 8 2 12 4 12 2 19 3 13 1 13 5 3 18 11 5 1 16 2 15 1 11 
2 14 11 4 20 9 1 9 1 17 1 15 13 4 8 10 1 19 4 9 7 9 1 3 15 11 8 21 5 3 6 5 28 29 1 26 1 26 1 13 1 9 7 5 1 8 6 14 7 3 1 10 1 6 5 2 15 12 3 4 8 4 17 19 4 2 2 7 1 16 9 3 1 13 9 22 13 3 3 3 10 10 5 10 9 19 10 4 3 17 8 16 10 12 13 30 2 2 23 12 1 18 0 4 20 8 2 13 1 13 1 13 14 2 19 2 9 6 12 2 2 4 13 15 1 4 5 5 3 1 13 8 9 2 11 2 12 
2 14 8 5 15 18 3 19 4 24 1 15 1 19 11 2 6 2 13 2 14 2 3 9 18 9 1 5 15 3 7 32 5 29 4 13 2 24 7 2 12 11 22 10 6 4 31 8 2 4 1 16 1 16 5 4 16 6 2 33 3 30 19 5 10 2 22 28 14 9 3 3 3 3 5 6 15 10 2 3 11 9 14 12 1 17 4 2 4 11 11 11 9 4 17 20 3 3 1 18 7 12 13 2 1 28 37 12 12 3 6 7 1 10 6 11 1 0 5 16 11 5 24 2 11 1 15 1 19 
2 14 13 3 19 27 5 15 3 14 3 4 24 28 1 4 2 18 3 3 6 3 14 12 4 5 3 8 8 4 3 14 13 14 2 8 1 9 12 5 6 11 1 5 1 5 2 9 2 4 4 2 19 19 8 22 2 5 2 25 18 23 1 3 8 24 10 39 9 4 10 13 1 3 1 4 1 12 14 2 11 4 1 7 5 3 19 26 11 23 6 33 10 3 15 11 3 11 3 13 11 3 8 7 1 16 8 16 1 2 11 8 18 10 0 4 6 10 2 11 2 7 7 11 1 7 4 17 19 12 10 1 10 3 19 
2 14 5 2 14 7 13 20 4 3 10 9 8 10 1 10 6 2 17 5 12 7 9 3 6 7 5 2 9 12 3 2 12 3 9 16 10 2 8 3 32 13 8 5 10 13 1 6 1 13 1 12 1 7 14 3 18 29 9 38 12 15 13 3 21 16 17 16 1 16 2 5 20 8 2 22 2 14 1 11 2 10 1 5 32 8 1 34 1 2 1 8 1 3 12 4 5 8 3 6 2 6 2 5 11 5 5 9 18 29 6 18 2 8 6 18 7 4 12 22 5 21 3 22 2 13 1 0 4 6 9 4 13 1 11 2 7 
2 14 13 5 19 15 1 13 4 7 2 16 6 11 11 3 22 12 5 21 2 15 8 5 3 23 8 10 11 15 1 10 1 4 3 5 8 20 9 7 3 7 5 26 2 18 5 5 9 14 19 14 2 17 9 12 1 30 4 4 5 12 7 15 5 13 4 8 9 5 13 13 6 18 2 21 1 13 4 3 0 3 13 22 3 22 11 7 14 5 12 11 11 11 1 4 2 22 1 2 6 5 9 14 1 2 1 12 1 2 4 14 2 5 10 21 5 10 2 3 2 10 2 18 10 2 8 11 5 7 7 4 17 22 1 7 1 2 9 26 12 4 23 24 3 24 1 6 1 2 1 1 3 6 17 8 23 18 18 
2 14 12 4 3 21 26 25 4 28 2 29 1 3 9 10 1 7 1 11 5 5 1 26 26 20 4 6 3 31 5 10 14 5 4 6 6 14 3 13 2 2 3 3 7 2 3 5 20 13 0 2 10 6 24 22 3 2 14 21 10 10 13 4 3 5 4 8 2 5 2 3 8 2 8 3 22 10 11 3 9 13 20 21 2 14 4 4 5 7 4 12 4 10 2 7 10 5 2 13 9 9 2 10 1 11 1 2 2 3 4 27 6 21 18 5 9 2 13 24 13 26 1 6 2 10 16 23 12 
2 14 10 5 7 19 9 4 7 24 3 18 2 18 5 4 22 27 11 6 2 8 2 28 12 3 5 7 22 22 2 11 1 3 3 13 13 13 15 22 7 3 20 23 1 8 4 8 8 4 6 5 3 7 2 12 2 11 14 4 10 12 1 7 1 14 2 11 4 2 10 2 10 3 3 2 21 27 6 22 9 5 3 13 13 15 3 9 5 5 1 19 13 4 24 20 5 10 1 3 1 9 11 2 6 10 8 5 6 4 20 17 2 24 2 13 1 19 2 5 16 36 14 31 1 8 7 6 1 39 1 0 5 14 2 6 10 10 11 3 27 3 17 
2 14 0 5 14 18 5 20 1 9 1 22 1 17 11 3 10 4 4 11 11 21 5 5 21 10 4 22 1 10 1 25 1 22 13 4 30 12 1 7 2 15 2 3 4 5 22 15 1 9 2 14 1 13 5 8 8 4 10 8 3 14 2 20 6 10 9 3 12 20 5 18 3 5 14 4 9 15 4 12 5 16 1 3 2 5 8 19 18 20 1 9 1 9 1 28 7 4 15 5 15 20 1 28 1 26 10 2 15 10 3 9 1 2 17 14 1 4 3 5 3 5 3 2 1 6 2 6 2 11 12 2 10 12 7 2 1 6 4 10 2 1 2 2 14 2 9 
2 14 12 3 12 18 25 19 2 19 5 2 14 2 18 18 2 2 9 21 27 17 8 3 2 8 9 8 3 5 3 3 13 13 2 5 13 4 13 5 28 27 3 17 4 23 1 30 1 5 0 2 26 20 12 9 6 3 1 5 18 16 1 8 7 5 10 13 2 12 2 11 4 5 1 17 11 2 8 5 4 4 14 2 18 18 4 16 1 5 7 17 25 16 2 13 1 16 1 8 4 2 6 6 9 8 9 4 19 13 5 4 2 14 6 2 1 10 3 5 2 3 12 8 13 
2 14 8 2 7 17 21 19 1 5 7 25 3 12 8 19 5 19 6 11 14 3 30 31 7 12 3 33 12 5 4 13 13 3 3 3 2 3 1 20 4 5 2 30 12 27 14 4 4 25 2 6 5 3 15 27 14 22 4 29 6 4 13 12 12 14 1 2 1 7 10 5 6 2 1 11 8 13 1 12 1 17 0 3 3 11 5 18 12 20 7 5 23 2 2 11 1 25 1 8 1 14 11 5 16 3 1 21 1 12 2 6 1 5 2 4 6 5 11 11 3 3 1 21 13 4 12 6 4 9 3 14 1 14 9 3 27 21 1 11 5 25 1 3 4 9 20 5 10 8 2 5 11 
2 14 9 4 9 9 6 5 3 3 3 9 14 5 24 20 7 28 1 13 1 24 1 34 3 5 18 23 9 26 1 30 1 18 1 24 12 2 21 27 17 35 0 4 2 6 3 6 5 2 1 2 11 5 3 4 1 12 4 6 3 3 5 15 2 4 5 2 2 7 4 14 3 6 5 2 4 12 10 14 1 3 26 2 3 18 5 21 8 2 24 6 9 10 4 5 5 19 7 14 5 15 5 19 1 14 13 4 28 37 5 20 1 11 6 29 10 4 8 8 1 8 1 3 2 11 6 3 6 23 11 19 6 4 1 7 3 16 16 1 24 10 15 
2 14 9 5 7 11 2 5 2 9 1 8 1 2 14 2 28 25 12 18 7 4 21 17 9 3 1 35 5 3 4 3 5 7 4 17 8 16 0 5 4 8 1 2 4 12 2 6 2 10 5 4 11 32 9 33 4 17 9 21 8 4 14 20 8 12 2 12 1 21 13 2 18 17 6 2 10 5 10 16 3 2 7 10 1 3 2 12 3 3 26 3 7 7 3 22 2 4 9 10 17 9 1 2 2 2 1 2 7 13 11 16 11 5 3 3 2 10 6 5 1 8 1 11 6 5 8 17 1 27 22 19 1 3 1 23 1 12 4 5 8 5 13 2 11 1 6 
2 14 3 5 9 16 10 22 1 20 4 4 1 12 5 5 7 12 3 15 1 2 3 7 1 5 2 2 17 9 11 27 12 4 15 17 10 21 5 25 10 25 7 5 11 18 3 37 21 36 3 39 1 30 1 2 17 23 14 7 8 5 1 5 20 8 5 28 6 4 3 27 6 2 14 17 17 25 11 4 33 18 1 27 1 4 1 12 4 5 8 8 1 12 1 6 1 5 1 10 10 4 18 31 2 12 1 24 12 8 14 4 10 15 6 11 1 13 2 4 9 3 6 8 4 15 6 2 13 3 7 26 19 25 1 14 1 0 2 5 2 16 5 
2 14 12 4 14 13 2 13 3 8 3 9 10 2 5 13 9 6 0 2 10 8 2 10 2 4 15 7 1 4 2 18 2 5 5 2 6 10 6 4 1 5 13 7 2 3 1 11 1 14 1 17 11 2 5 7 12 5 8 3 11 39 22 9 6 14 14 2 7 7 24 11 3 3 3 12 22 14 6 11 7 2 1 4 31 7 9 2 14 10 6 3 13 3 9 14 9 18 11 15 4 2 6 3 7 8 1 6 4 3 2 20 19 1 6 2 22 
2 14 5 4 14 11 2 15 1 17 1 6 10 5 24 17 1 13 2 24 1 6 2 5 7 5 21 28 14 19 1 15 1 33 1 14 14 4 7 17 7 7 6 7 2 21 13 4 4 9 1 9 1 4 9 8 11 2 8 17 12 2 9 5 12 11 1 13 1 12 1 14 1 7 3 4 14 12 1 8 1 9 1 16 1 2 1 7 11 6 2 2 3 11 10 11 12 5 2 31 3 19 26 5 5 15 4 18 6 2 12 13 5 15 8 5 11 13 8 19 9 24 1 20 1 29 4 5 18 28 14 16 2 5 1 26 3 14 1 0 3 6 12 6 7 1 3 
2 14 9 4 19 17 4 27 3 22 5 17 8 4 33 33 4 39 1 9 1 24 12 4 3 6 2 10 8 10 14 22 1 2 2 12 12 7 5 5 12 6 16 6 2 27 2 8 1 28 3 4 17 7 8 5 4 6 2 17 11 4 7 6 4 18 1 9 10 2 13 5 28 16 2 26 3 23 1 4 2 19 0 5 10 6 2 7 2 8 1 7 1 13 7 5 6 3 1 4 1 8 1 7 2 8 14 2 3 3 11 6 4 2 1 10 28 4 6 3 13 5 7 27 8 25 2 5 11 4 6 8 1 20 3 3 1 12 1 10 2 10 5 7 14 
