20 15
3 7 2 5 3 15 10 22 1 24 3 14 7 5 3 4 8 10 2 7 1 9 1 4 9 4 2 15 5 16 5 9 5 15 4 3 3 7 22 3 2 21 0 2 8 4 13 6 6 4 4 12 8 12 9 14 4 11 8 4 5 22 17 3 2 21 3 22 7 7 4 6 23 11 26 8 7 1 20 1 4 2 23 25 7 2 22 1 11 5 4 23 28 5 6 2 12 1 13 11 5 8 16 6 8 1 10 2 16 1 14 14 4 7 7 4 15 4 5 1 3 13 5 24 37 4 7 8 25 1 34 2 27 10 4 16 17 1 15 1 2 1 19 1 12 4 2 19 15 13 4 21 5 12 
3 7 6 4 26 21 2 11 1 27 1 25 3 2 5 3 10 2 12 5 4 12 10 5 1 10 1 10 4 16 11 4 5 9 7 6 4 3 3 18 1 2 22 2 2 4 13 5 1 10 9 5 3 14 1 7 1 14 10 3 8 7 7 22 13 22 7 2 4 15 2 11 14 8 34 2 36 5 2 17 11 9 9 7 4 1 12 2 8 5 14 7 2 0 2 4 8 7 2 8 3 12 20 9 22 2 19 14 3 17 2 2 13 1 2 9 4 13 19 8 2 2 25 3 22 1 4 5 10 5 2 7 11 9 2 19 3 17 
3 7 6 3 10 20 23 3 2 17 0 5 5 19 8 5 6 10 1 18 2 10 13 4 14 11 4 9 2 4 3 14 7 2 28 32 4 10 2 4 16 14 2 12 1 7 1 10 3 2 11 6 1 5 12 3 15 11 2 11 2 11 7 10 3 14 5 2 10 7 9 9 5 1 17 13 9 1 3 1 15 1 6 1 4 2 6 7 7 3 7 2 14 5 5 4 10 9 11 1 2 1 16 1 14 11 5 9 18 9 22 2 7 2 27 7 29 8 4 13 6 1 13 1 3 1 5 4 4 7 20 7 20 2 5 6 4 1 14 2 13 12 9 16 
3 7 9 2 8 17 12 15 6 5 5 19 8 5 5 21 3 28 8 17 1 4 3 7 13 5 2 17 1 13 7 5 9 14 2 4 1 11 1 11 1 11 12 4 9 9 22 32 1 28 1 33 4 2 15 28 15 21 0 5 17 27 9 22 3 5 1 4 2 16 7 5 4 4 3 13 9 3 17 1 20 11 3 26 13 2 13 1 6 10 3 18 14 1 15 5 24 14 3 16 13 8 14 1 17 2 5 3 8 4 7 9 17 8 20 5 16 3 3 8 2 1 5 4 7 8 5 13 5 3 15 1 10 2 10 1 6 1 13 5 6 8 6 10 3 17 2 4 1 8 
3 7 11 2 20 22 3 16 13 5 5 3 3 20 2 2 7 15 3 13 1 4 23 14 1 17 2 7 2 28 6 3 5 22 1 30 26 25 7 3 6 13 5 6 5 15 5 4 14 2 1 18 2 2 1 4 8 2 9 5 15 10 7 9 2 9 9 14 13 3 3 7 10 1 8 16 22 10 3 12 30 12 21 10 30 2 2 12 21 12 3 0 2 23 4 1 12 14 3 5 10 1 14 22 16 12 3 1 10 7 5 7 2 1 4 2 14 17 4 13 
3 7 8 3 18 2 1 13 5 17 11 4 13 2 4 13 1 8 1 5 14 4 2 3 7 11 4 10 8 15 1 4 17 12 13 27 2 20 1 32 7 5 29 20 1 17 2 22 1 32 1 11 6 3 30 18 2 30 3 8 5 4 21 6 17 21 1 28 1 5 7 10 2 33 32 3 25 3 4 13 16 8 7 1 14 1 9 2 4 20 24 2 19 3 3 1 5 4 5 6 15 4 15 1 8 3 9 1 15 9 4 22 5 3 9 1 20 2 14 13 5 12 4 17 2 3 2 5 32 1 3 12 4 10 6 1 10 1 13 1 10 1 0 5 16 9 5 10 1 2 2 23 1 4 
3 7 13 4 8 21 4 16 4 7 11 26 3 2 1 13 29 7 6 3 17 4 2 17 2 13 8 5 12 11 2 10 1 5 2 5 2 7 12 2 4 8 8 3 4 3 24 16 2 6 1 4 2 2 3 34 36 10 7 9 2 9 9 4 2 14 2 8 4 4 8 5 5 4 29 21 18 1 16 2 28 8 21 10 5 5 5 7 8 7 5 1 18 1 8 11 2 16 4 1 3 1 5 4 25 7 8 13 25 1 16 4 11 0 2 4 12 13 9 1 7 3 18 19 7 12 8 12 
3 7 5 2 6 15 21 5 4 3 15 10 2 7 2 4 6 2 12 25 17 14 9 3 9 20 8 18 3 7 3 2 8 2 13 5 10 4 13 35 7 11 17 15 3 25 8 2 13 8 1 9 7 14 4 18 38 8 14 9 29 4 29 13 5 2 37 26 21 7 15 1 26 3 34 2 5 21 21 1 23 3 17 1 27 1 20 1 5 8 22 24 2 1 31 1 19 2 3 12 3 3 3 4 4 5 9 11 5 1 17 27 23 4 11 4 25 1 35 7 5 14 3 3 13 1 12 3 9 1 12 1 0 4 5 3 4 5 2 2 2 8 
3 7 13 4 17 7 3 15 7 21 5 9 11 2 2 23 27 17 8 3 7 22 12 11 5 5 3 2 13 22 14 6 5 3 35 28 2 30 3 9 4 3 14 20 5 15 2 13 9 2 15 10 11 15 7 0 5 6 21 8 3 4 6 6 24 3 9 14 5 2 12 13 22 7 24 2 9 3 12 6 4 11 13 1 8 3 16 1 8 2 3 18 8 2 17 1 15 10 3 6 2 3 13 4 8 7 2 25 7 3 3 12 2 26 9 2 11 1 1 5 19 31 4 19 3 5 5 28 1 28 
3 7 12 4 28 5 1 21 1 31 5 24 1 4 4 5 4 9 2 4 1 8 5 5 4 18 20 21 1 36 4 24 10 21 14 3 11 6 2 11 5 6 7 2 6 4 17 23 0 5 28 11 3 26 1 34 1 6 1 28 3 3 5 10 14 16 5 14 7 13 2 5 9 6 7 8 5 16 15 9 2 3 15 1 27 1 17 11 3 22 16 3 9 6 6 4 4 1 2 12 9 1 13 1 4 10 2 9 7 6 8 2 5 4 3 1 26 8 21 5 12 10 11 9 4 14 18 10 14 1 19 1 8 1 6 3 18 6 14 6 1 26 
3 7 10 4 11 15 12 15 4 28 1 3 5 3 19 2 7 12 11 24 12 5 13 29 3 3 3 21 3 2 7 3 1 2 5 18 26 16 7 3 18 2 3 13 4 24 8 2 5 13 8 5 14 4 6 8 3 4 1 14 4 8 7 4 3 11 13 5 12 4 16 3 3 15 25 8 10 4 21 9 4 5 13 11 22 5 17 4 22 13 2 6 24 25 21 11 5 8 8 1 7 3 11 1 4 1 11 6 3 12 20 9 23 4 17 2 5 24 36 3 6 6 10 4 11 2 22 1 0 5 2 29 31 7 1 4 1 18 1 36 
3 7 0 3 1 22 16 11 5 4 11 2 15 10 10 14 5 3 12 14 10 13 6 22 13 4 32 15 1 16 1 23 1 10 4 2 17 26 14 5 8 3 16 6 2 6 3 20 9 3 15 9 2 4 3 11 7 14 5 3 8 13 15 1 16 1 12 1 13 2 2 16 5 13 25 7 5 3 28 7 22 2 14 18 27 2 15 10 4 9 17 7 8 1 10 1 4 1 5 12 6 2 10 2 7 1 13 1 12 3 3 6 7 4 7 1 2 12 4 5 9 10 17 1 9 1 7 1 6 2 10 5 5 10 
3 7 12 4 17 33 14 26 2 24 6 39 5 5 16 31 9 31 1 25 2 6 4 27 2 4 9 3 12 9 11 30 4 18 8 5 9 3 1 9 2 12 1 2 1 10 3 3 6 23 16 24 6 13 13 4 22 24 8 20 2 12 5 20 0 3 9 31 11 21 18 4 7 6 3 10 17 1 10 9 6 7 2 7 11 12 15 11 2 11 7 1 4 14 4 7 11 3 21 6 16 6 21 1 5 8 26 8 23 2 2 2 35 16 19 4 3 13 9 1 10 1 10 9 4 8 16 22 12 1 3 1 11 1 10 5 4 14 9 14 1 15 1 2 1 7 
3 7 8 5 20 16 3 8 2 28 2 21 1 28 1 5 15 11 10 10 2 16 1 16 1 7 14 3 34 2 1 29 5 18 12 2 18 12 5 13 4 4 27 16 3 29 1 13 3 27 5 4 30 31 1 14 1 32 1 3 6 4 11 14 2 18 6 5 8 14 7 10 4 3 12 9 4 4 7 1 4 0 4 2 5 11 5 1 12 6 7 7 2 15 14 13 16 11 2 13 18 8 4 2 2 4 9 17 5 13 3 11 18 2 8 7 15 9 5 3 8 5 13 21 10 1 11 3 22 1 3 4 17 12 1 15 5 21 4 4 
3 7 9 4 5 6 6 18 5 6 5 7 14 3 12 10 15 16 7 5 3 4 4 29 21 6 2 4 3 11 12 3 33 16 3 16 2 18 0 2 7 7 4 4 11 3 9 11 3 3 4 3 2 4 3 4 2 3 5 8 4 12 7 5 3 2 9 10 4 2 14 1 4 28 19 2 28 2 2 2 15 8 3 15 10 14 14 4 16 4 4 3 9 10 6 1 8 9 15 13 2 30 35 10 2 10 4 4 6 3 4 2 6 3 7 6 4 9 13 1 10 9 23 4 5 1 7 3 11 14 11 23 5 13 
3 7 9 3 7 7 1 5 5 7 14 3 18 2 9 18 13 39 7 3 22 22 10 34 4 18 4 4 9 13 1 10 6 10 1 12 0 2 2 2 11 9 5 5 18 22 2 22 3 17 7 18 3 20 8 5 8 25 4 13 8 17 2 23 3 12 7 13 4 15 18 2 14 5 20 2 15 10 4 1 3 8 21 13 19 1 8 3 5 28 31 4 20 1 30 1 9 2 12 2 5 11 22 6 14 8 20 3 3 1 2 1 4 11 10 5 4 1 17 1 13 11 2 12 13 1 11 6 3 2 23 19 30 12 26 1 12 5 5 8 1 7 1 7 2 8 4 11 
3 7 3 4 19 2 2 7 1 9 3 14 5 4 2 12 2 5 9 10 2 9 2 3 19 6 7 18 2 28 12 3 28 40 4 29 8 39 7 4 13 11 24 10 1 24 1 16 1 3 20 10 9 10 2 28 8 4 14 22 16 2 3 33 2 11 7 6 4 15 2 6 15 3 12 7 18 11 4 18 11 11 15 4 15 3 34 4 2 5 5 7 3 10 3 27 32 1 16 5 14 14 2 10 8 9 10 9 5 4 2 3 8 1 6 2 5 6 12 13 4 10 4 9 12 5 19 3 4 1 0 5 9 21 7 17 2 3 2 3 1 20 
3 7 12 5 2 8 13 16 3 5 3 20 1 16 10 4 7 14 5 3 1 13 1 7 0 5 3 9 2 3 2 7 3 8 2 12 2 3 11 20 4 9 5 3 5 5 2 2 3 9 3 7 1 3 3 4 1 5 6 15 5 10 4 2 2 3 1 13 11 2 5 16 12 4 7 8 5 29 39 4 34 4 4 1 3 1 12 14 2 7 11 24 4 3 4 8 4 19 25 2 27 2 17 7 4 2 2 3 9 6 20 21 18 9 5 11 16 4 10 3 7 1 18 1 11 13 4 4 21 19 10 1 12 5 24 4 2 10 8 3 2 1 6 5 2 7 21 5 1 7 1 26 1 8 
3 7 5 3 4 4 10 13 4 4 10 5 9 29 17 8 1 16 1 26 2 12 7 3 15 8 12 26 11 24 14 3 1 9 8 3 13 16 13 3 8 4 5 10 2 15 11 4 16 11 2 13 1 14 1 9 9 2 3 10 13 15 7 3 5 5 11 8 6 1 8 1 8 2 2 1 3 2 12 5 11 5 6 2 4 5 10 6 2 1 2 1 3 12 2 29 6 11 15 6 4 6 4 2 10 6 13 3 4 8 2 3 12 27 11 4 5 11 38 8 28 7 33 1 29 11 17 1 0 4 4 6 6 10 2 8 1 11 
3 7 9 4 18 9 4 8 4 14 5 10 8 2 15 26 24 9 12 5 1 12 7 23 14 21 3 24 2 18 1 2 10 10 4 9 5 3 29 14 1 4 3 5 3 5 27 29 1 9 1 13 1 2 1 20 11 2 3 7 19 7 7 13 5 28 15 4 28 1 4 1 16 2 27 0 5 4 3 2 16 5 7 2 2 3 3 7 3 6 11 3 6 2 3 14 4 7 6 2 14 4 14 1 12 4 4 5 20 2 21 2 17 20 24 6 2 14 9 14 13 2 4 17 10 3 12 1 18 1 4 1 10 2 2 2 15 4 
