10 10
2 5 0 3 17 5 3 19 9 4 1 4 59 51 7 65 6 43 6 67 2 3 6 4 1 6 2 2 3 3 17 9 18 26 1 10 4 2 45 9 4 35 5 5 3 4 3 6 7 1 4 6 4 42 47 14 41 5 31 1 39 7 5 3 55 49 8 1 37 1 41 2 3 8 5 25 41 4 39 3 35 8 20 4 29 9 2 8 9 13 4 
2 5 0 2 33 11 10 43 2 2 86 49 4 21 4 4 35 57 4 48 25 13 11 32 9 5 3 6 2 10 1 5 1 8 4 8 3 3 1 2 27 53 41 19 5 1 2 19 27 9 4 6 2 5 19 41 25 5 5 21 39 16 39 5 36 2 13 2 43 7 3 38 71 30 10 4 12 8 2 23 23 7 4 
2 5 1 3 67 26 18 43 6 42 0 2 36 13 49 83 3 5 14 11 6 26 1 12 2 10 16 12 2 5 38 59 3 53 25 8 3 39 5 71 8 5 54 88 11 12 5 64 6 18 14 21 5 5 3 4 4 4 8 2 3 7 5 3 12 3 6 4 7 1 3 1 3 6 2 46 88 43 63 9 2 42 21 3 21 4 4 6 29 8 19 3 16 16 23 
2 5 1 4 7 40 10 10 12 6 52 43 2 5 68 58 12 83 4 27 3 17 8 57 0 2 16 62 55 38 4 3 67 4 11 92 21 5 6 2 4 2 5 5 5 8 5 33 5 12 20 4 35 1 37 2 24 7 2 34 61 51 31 3 4 9 78 20 92 43 59 26 32 9 4 11 10 3 7 3 17 5 5 5 2 27 18 16 15 
2 5 2 3 5 8 7 7 2 5 0 4 2 2 1 5 2 4 1 3 1 5 6 6 2 6 1 4 2 20 11 16 5 2 9 28 52 28 3 4 19 22 2 12 4 14 1 24 5 4 5 38 50 20 18 4 30 3 44 4 14 8 2 11 13 10 12 7 2 6 48 43 42 9 4 66 65 4 27 1 4 1 61 6 5 48 46 1 41 1 45 2 15 1 46 
2 5 2 3 22 21 29 73 33 33 1 2 1 2 1 2 5 3 12 3 25 8 15 35 3 3 26 34 57 69 12 52 8 4 41 46 1 25 1 33 5 3 5 9 4 40 49 21 14 7 45 4 59 0 2 5 36 42 15 6 5 55 64 6 47 1 63 2 32 1 58 4 2 1 6 5 5 7 3 4 11 13 15 8 13 
2 5 1 3 33 19 12 24 1 30 0 3 9 31 22 6 6 27 3 4 30 42 19 59 2 15 10 56 2 5 8 12 2 9 1 4 1 5 1 8 6 4 11 21 15 20 5 2 1 14 5 5 5 2 15 2 8 12 9 4 7 1 21 9 4 17 23 6 17 5 8 4 12 8 4 55 85 31 57 2 72 1 84 7 5 8 25 6 11 7 19 7 21 2 5 4 3 51 18 2 41 2 44 
2 5 2 3 15 21 13 17 3 9 0 4 35 68 8 47 1 31 42 47 1 4 36 2 7 43 2 21 1 12 5 5 17 50 22 21 22 25 6 62 7 13 4 4 29 19 1 9 1 29 1 10 5 6 3 81 45 6 19 1 21 8 5 10 4 3 8 1 16 3 6 2 2 9 5 39 19 1 22 1 24 3 18 4 48 7 2 34 26 2 30 3 4 32 23 10 20 1 15 36 34 
2 5 0 4 69 16 1 60 3 48 3 15 1 3 28 69 2 10 39 55 3 3 73 39 2 32 1 55 5 3 1 12 37 28 13 45 2 4 28 58 53 6 1 38 3 60 5 9 2 10 11 1 8 6 4 27 16 3 2 9 30 1 30 7 4 19 74 30 67 8 39 32 50 4 4 9 17 14 5 1 22 2 7 8 4 38 73 28 28 7 59 1 11 
2 5 1 2 16 59 69 50 0 4 3 10 4 5 2 5 4 10 2 3 30 11 5 23 26 13 6 2 5 6 2 3 8 4 11 13 51 47 1 60 1 28 5 9 4 46 12 14 5 4 9 12 47 5 4 23 7 17 40 5 7 2 22 3 2 32 49 20 6 4 5 68 64 17 52 2 76 2 16 1 23 7 5 30 32 4 40 9 36 1 43 1 44 
