10 10
2 9 0 3 22 13 3 19 4 17 1 4 9 49 29 27 25 66 15 65 2 3 5 9 2 6 2 2 3 4 32 24 2 24 1 10 1 7 4 2 43 35 6 18 5 4 8 5 1 4 1 6 1 2 6 3 14 11 3 48 45 43 7 5 19 32 5 6 6 15 9 55 17 15 8 4 10 21 24 42 7 18 3 35 1 9 5 4 13 12 11 1 5 2 21 2 2 
2 9 0 3 24 38 7 21 12 40 2 4 28 74 35 35 3 71 24 46 4 4 72 63 1 13 1 65 1 63 9 3 9 7 1 8 1 2 3 4 13 59 7 38 2 57 47 2 1 5 19 14 1 8 2 15 4 8 2 7 6 2 26 37 20 9 5 3 36 15 9 42 1 27 7 3 64 31 7 33 1 23 1 8 4 7 2 2 15 8 19 13 26 
2 9 1 2 45 69 46 57 0 3 76 18 4 13 5 62 3 4 14 35 15 29 2 20 8 3 2 4 21 53 3 10 21 71 29 43 8 4 67 74 8 31 3 43 12 16 5 3 6 9 3 10 1 6 7 3 8 10 2 4 2 9 6 5 11 64 60 38 14 29 3 52 1 41 9 4 4 41 23 32 2 44 16 38 1 4 2 19 8 14 2 
2 9 1 3 65 8 12 80 4 57 2 3 25 3 28 92 42 18 0 2 44 4 27 49 4 2 87 28 12 89 6 3 4 7 1 5 4 6 8 2 23 19 29 8 7 3 44 52 4 7 37 33 3 5 16 4 57 32 20 18 1 46 4 56 9 5 9 5 10 10 1 5 1 10 1 19 1 5 4 32 31 1 6 7 23 3 6 
2 9 2 3 7 13 3 3 4 5 0 5 1 3 1 2 2 2 1 6 1 6 1 2 5 6 17 9 5 2 55 13 6 60 3 5 7 21 14 5 3 19 1 9 1 19 4 5 9 51 51 20 6 51 1 15 2 58 8 5 13 20 3 20 1 11 1 15 3 20 7 5 15 32 15 9 10 14 4 29 5 12 9 2 26 2 46 10 1 6 3 51 48 1 21 1 46 
2 9 2 5 45 31 4 7 6 20 16 72 13 3 1 2 1 2 1 2 5 3 45 6 5 48 2 46 3 4 55 93 11 29 5 48 24 54 8 2 38 2 10 17 9 2 42 4 30 36 0 5 2 45 42 21 1 7 1 21 1 29 6 3 23 48 27 52 15 23 4 5 1 2 2 6 1 2 1 5 1 2 1 7 2 6 12 19 5 
2 9 1 2 34 14 12 29 0 4 11 26 23 36 2 31 1 20 3 2 6 37 55 7 2 5 2 5 5 13 1 5 3 12 2 11 6 2 21 5 11 14 5 2 7 20 14 21 9 2 16 28 16 12 8 4 77 68 5 17 4 82 3 54 7 3 17 21 12 28 1 28 1 4 3 13 4 20 32 22 11 
2 9 2 4 4 3 18 24 7 24 2 4 0 3 55 62 11 19 20 47 1 2 36 9 10 44 5 4 57 66 1 2 9 71 7 42 4 2 25 25 7 4 6 5 63 14 21 34 1 58 1 8 2 31 8 2 15 11 4 13 9 3 3 38 33 38 12 15 7 2 31 33 5 2 1 3 2 46 36 33 75 
2 9 0 5 28 57 5 48 19 30 18 10 6 51 1 2 47 51 22 20 3 5 33 45 20 44 3 40 9 56 11 10 5 3 12 34 36 4 3 42 2 3 20 7 26 68 39 53 9 5 5 8 2 3 2 10 1 9 1 7 6 4 18 21 8 31 3 16 11 18 7 4 20 13 1 22 34 42 34 41 4 3 2 13 20 23 4 7 1 8 2 26 11 48 38 
2 9 1 4 42 22 27 52 1 69 15 57 0 4 4 6 5 3 3 6 1 9 2 2 53 14 8 5 6 5 3 7 1 4 1 4 1 2 1 3 8 4 26 59 6 56 1 9 31 59 9 4 3 49 33 29 33 75 7 63 5 3 10 4 17 39 20 32 3 5 35 14 10 33 2 52 1 23 4 48 4 4 17 25 50 9 18 11 5 20 1 7 5 1 30 35 7 4 24 2 44 3 36 
