10 10
2 9 0 3 7 27 13 17 9 8 1 2 9 2 69 38 2 4 5 4 2 7 1 8 1 4 3 4 20 14 7 25 6 19 3 26 4 3 2 29 22 25 25 36 5 2 10 6 1 5 6 2 58 18 4 60 7 2 25 27 31 12 8 4 14 26 15 39 9 32 6 7 1 9 5 7 8 1 18 11 5 1 20 1 2 
2 9 0 3 39 31 1 29 3 3 2 2 1 81 89 43 4 2 67 29 8 27 9 2 5 3 6 9 3 4 24 13 41 10 1 47 3 40 1 2 12 12 16 26 6 3 18 5 18 28 10 30 5 2 2 25 44 23 7 3 39 20 22 59 11 59 1 8 5 1 30 16 14 2 21 2 28 9 14 
2 9 1 3 88 22 2 37 1 22 0 3 69 85 4 23 12 33 3 2 25 32 14 30 2 2 31 36 43 67 8 2 46 46 44 12 5 5 3 5 3 8 2 8 1 3 1 7 7 4 4 4 1 5 3 11 4 2 6 4 72 69 14 36 1 77 2 29 9 2 18 17 27 38 1 4 4 4 26 3 14 22 4 4 13 
2 9 1 3 62 31 10 10 9 21 2 3 85 61 7 79 3 30 0 2 57 23 14 3 4 2 98 93 1 78 6 3 2 8 2 2 5 5 8 4 14 37 11 26 20 19 7 4 7 4 9 64 27 76 24 2 25 73 3 5 70 28 12 52 3 51 2 34 11 93 9 2 18 14 4 3 1 5 3 9 21 12 2 22 17 
2 9 2 4 10 12 2 10 1 3 1 10 0 4 3 6 1 2 1 6 1 4 1 3 6 3 11 14 5 15 5 3 47 50 4 27 10 16 3 5 22 5 1 6 1 24 1 19 1 9 4 2 44 29 25 52 8 5 17 6 1 21 1 12 1 20 1 21 7 3 47 5 1 43 1 5 9 3 59 29 12 26 1 14 1 6 5 2 35 41 14 4 21 5 6 1 22 
2 9 2 3 57 60 22 30 5 50 1 2 1 2 1 2 5 3 46 22 5 42 1 6 3 4 50 66 13 54 7 7 25 42 8 5 39 11 5 20 1 21 2 48 1 34 9 4 49 71 8 55 12 72 3 68 0 3 37 24 4 41 6 19 6 3 16 35 21 42 28 50 4 5 2 4 1 4 1 6 1 5 1 2 1 7 2 13 25 12 7 
2 9 1 4 35 37 7 36 2 16 2 39 0 2 1 20 36 8 3 3 59 35 1 42 1 38 2 3 2 9 7 5 4 4 6 5 26 11 2 13 1 15 1 15 2 22 5 5 7 12 3 4 7 12 3 2 1 4 9 5 15 6 8 32 5 23 1 21 3 10 8 5 3 47 43 83 10 60 3 47 30 27 7 2 8 13 22 29 1 4 5 18 3 31 49 4 12 1 16 1 34 
2 9 2 2 7 18 24 11 0 3 43 55 42 27 1 17 1 5 16 32 2 40 9 14 12 25 7 33 5 3 70 54 3 20 1 59 4 5 9 26 4 20 3 16 14 27 2 2 6 2 83 84 5 35 8 3 9 17 7 8 3 2 9 5 24 11 20 38 1 38 1 10 2 31 7 5 6 30 21 23 1 26 7 12 1 15 1 3 2 66 41 13 64 
2 9 0 2 69 63 7 49 1 2 14 67 55 62 3 5 66 9 7 29 1 42 1 41 1 63 5 4 19 25 30 14 1 23 1 9 2 3 21 30 55 48 9 64 9 2 3 9 8 9 6 4 11 3 3 20 2 22 24 5 7 4 23 8 39 44 10 84 17 57 4 4 3 16 11 26 1 14 11 5 1 8 4 6 3 63 58 1 8 4 8 
2 9 1 4 1 21 60 63 16 8 8 20 0 3 1 8 8 6 4 5 2 2 49 6 12 55 6 4 3 2 1 2 1 3 2 7 8 3 15 25 13 51 36 54 9 3 38 22 13 76 25 21 5 3 11 33 29 16 7 27 3 4 5 27 7 28 20 23 20 42 4 4 55 48 4 12 14 7 17 61 1 7 2 29 3 16 44 
