20 15
1 15 2 2 11 20 13 4 3 3 10 11 1 9 1 11 9 5 9 7 1 13 4 5 2 15 1 17 4 4 11 21 2 14 13 13 1 6 0 3 3 4 8 19 10 14 6 3 1 11 14 3 10 21 8 5 21 27 3 11 1 9 1 9 1 11 7 2 11 16 15 22 1 3 17 15 11 19 2 30 5 5 2 17 12 2 2 22 12 29 3 4 11 3 2 6 5 6 11 6 14 4 10 12 1 13 2 16 3 3 13 5 19 36 9 38 1 21 4 29 6 6 10 2 16 2 3 14 12 5 7 16 9 25 8 2 1 26 1 25 
1 15 6 5 10 30 2 10 5 25 9 15 4 30 3 3 12 9 2 11 1 13 12 5 11 9 1 7 1 8 2 10 5 18 11 4 12 19 4 3 2 10 1 7 1 2 3 13 21 21 13 4 11 7 2 2 1 9 1 13 10 2 16 11 12 5 2 5 30 4 3 20 1 12 1 36 1 36 5 2 24 19 2 25 7 2 5 12 10 15 0 2 3 2 8 8 8 2 11 11 12 19 14 2 18 2 2 12 9 3 22 11 1 18 3 19 4 4 19 8 3 5 4 25 2 17 
1 15 6 4 12 16 15 10 2 15 6 5 0 3 2 2 15 21 5 7 13 2 8 6 15 20 7 2 1 12 31 18 2 4 10 8 5 6 1 9 4 19 3 5 4 11 4 11 1 12 2 2 1 6 12 5 6 15 5 12 3 3 2 3 3 17 10 2 21 19 2 20 9 2 6 6 11 10 1 3 4 5 6 8 4 11 5 3 10 13 5 10 1 3 11 5 17 16 3 21 6 14 1 7 2 26 8 2 9 11 7 15 4 5 14 22 4 11 1 22 1 4 2 11 14 3 9 10 3 8 10 3 
1 15 9 4 11 18 2 3 5 5 2 7 6 2 18 29 11 29 1 5 6 9 3 14 1 17 4 3 5 17 7 3 7 4 2 7 5 12 12 5 8 16 21 24 1 4 2 29 1 10 4 5 6 21 10 9 8 24 5 10 1 28 0 4 14 13 16 32 1 21 1 5 5 5 9 18 5 5 5 3 1 13 1 14 11 2 28 7 1 11 10 4 11 7 9 17 3 8 1 15 14 5 3 17 10 4 10 17 1 13 1 11 2 2 1 8 28 24 3 4 5 2 2 4 5 10 1 2 8 4 14 6 4 4 1 9 1 3 13 3 5 14 11 10 2 3 
1 15 11 2 22 8 1 18 13 2 15 16 5 18 1 2 9 15 19 11 6 4 8 24 7 6 6 14 11 12 7 5 4 3 5 4 1 15 5 6 1 3 5 2 8 4 10 11 8 5 12 2 5 24 4 24 2 3 1 14 9 4 7 22 11 12 4 23 1 13 3 5 12 9 2 5 2 11 7 9 1 8 10 3 16 25 11 7 7 9 2 3 9 7 12 8 3 7 0 5 6 4 11 21 5 18 1 23 1 15 14 4 20 5 4 15 1 24 3 27 12 2 6 15 9 14 4 5 6 13 9 16 1 14 1 12 1 5 
1 15 8 3 11 21 11 10 2 5 11 4 8 4 5 9 1 17 5 3 14 2 17 21 4 9 1 5 18 12 12 24 1 17 1 30 1 3 7 4 21 26 4 28 5 11 4 27 6 4 17 31 13 6 2 8 3 25 5 5 27 3 9 30 2 18 1 7 1 34 10 4 8 28 13 25 3 9 12 36 3 3 6 12 12 23 5 20 2 3 17 6 7 19 2 12 4 5 3 12 4 5 1 3 3 3 4 5 9 2 23 2 5 2 13 2 19 19 19 36 12 2 3 12 10 3 0 2 18 6 7 12 
1 15 13 3 7 14 7 24 13 13 3 3 27 27 2 7 1 17 6 3 8 8 6 6 7 16 8 2 8 11 11 14 12 2 3 12 9 4 4 2 26 17 1 8 2 5 10 3 24 2 1 37 1 32 3 22 9 3 5 3 3 3 5 6 14 2 4 5 8 7 5 2 11 30 25 3 10 5 12 18 6 10 1 7 1 4 1 16 11 5 10 3 2 15 3 14 1 15 1 10 1 3 6 3 21 27 2 26 0 5 5 10 6 17 2 17 1 5 3 11 7 3 28 4 2 24 3 22 
1 15 5 2 2 7 25 16 4 4 15 2 2 11 1 8 1 8 6 2 17 25 12 19 9 3 4 20 13 9 3 5 3 3 8 8 4 2 9 5 10 3 9 15 20 14 11 38 8 3 7 12 1 6 6 14 14 4 35 10 2 25 1 6 1 34 13 5 18 4 6 24 9 33 5 26 1 31 2 5 19 25 1 10 4 23 1 15 2 26 1 3 8 4 17 11 11 20 12 5 5 11 1 11 3 7 2 7 1 9 11 4 8 6 27 6 1 21 1 33 7 4 7 19 13 15 1 10 1 17 0 4 10 13 1 12 1 2 1 13 
1 15 13 3 2 20 16 15 14 7 11 2 6 12 23 27 8 5 13 10 7 17 1 16 1 12 2 14 3 5 2 7 22 10 1 14 1 15 1 8 5 3 34 36 1 35 5 38 4 5 9 10 3 16 3 7 1 12 5 2 9 4 17 14 3 26 1 3 5 9 0 3 23 12 2 5 2 26 14 2 17 20 10 25 6 4 4 4 3 12 8 15 1 5 2 3 2 16 17 8 2 11 10 4 9 5 2 3 1 11 1 7 7 3 5 4 13 5 10 26 12 3 6 10 15 6 7 19 1 5 4 21 1 27 11 8 5 12 11 27 
1 15 12 3 1 25 24 29 10 19 1 4 8 9 1 3 1 6 1 2 5 4 13 11 22 6 2 16 2 6 14 4 11 16 4 7 1 5 2 12 7 3 5 16 9 23 9 7 0 3 4 29 1 23 29 10 3 5 20 4 1 20 1 14 1 14 1 13 13 4 6 5 2 3 2 3 1 7 8 5 20 30 6 19 2 29 1 21 1 22 11 4 19 2 10 20 1 10 1 6 4 2 2 5 13 4 10 4 7 8 1 13 2 6 5 7 2 3 2 11 16 27 10 10 9 2 1 7 25 24 6 2 29 15 4 6 
1 15 10 4 16 6 4 25 4 16 4 23 5 3 24 21 7 19 6 23 12 2 15 21 14 10 1 5 5 3 6 13 16 18 1 11 3 14 7 5 12 10 9 15 2 2 1 13 1 5 8 5 3 12 5 9 2 8 1 12 2 4 14 2 5 14 9 11 4 5 3 10 9 9 1 2 5 13 2 9 3 2 5 4 22 5 9 3 23 25 1 4 1 8 13 5 10 7 3 30 9 17 6 8 3 17 11 2 4 9 10 6 6 2 16 21 9 12 2 2 34 18 5 29 0 2 28 26 8 5 
1 15 0 4 9 4 8 10 3 8 2 8 11 2 9 12 16 17 5 3 22 26 1 25 5 3 13 4 4 2 11 15 19 10 1 16 4 4 6 18 2 19 13 15 10 17 8 2 18 19 3 3 9 2 19 20 1 6 14 5 4 11 10 19 3 12 1 3 1 6 2 4 15 27 3 9 8 7 3 11 7 3 18 28 12 13 2 19 10 4 12 5 2 3 3 17 1 11 1 4 6 9 5 12 3 12 4 8 3 5 4 3 1 11 4 3 1 8 1 2 12 4 8 14 2 17 5 9 2 17 6 5 6 13 1 10 3 5 2 7 3 15 
1 15 12 2 36 26 3 4 5 3 25 27 6 12 1 9 2 4 28 15 2 22 5 18 1 30 8 4 6 13 4 10 3 8 1 4 3 3 12 26 4 14 12 19 13 5 3 21 16 34 11 15 5 35 2 11 0 5 25 11 6 26 1 10 3 3 3 18 6 5 3 17 8 10 3 13 4 15 2 15 7 2 7 16 12 14 11 4 5 7 4 9 2 10 1 6 14 3 15 14 2 3 5 18 1 5 21 24 12 19 1 18 1 5 1 21 4 5 8 12 4 14 1 15 1 6 1 7 9 2 7 5 25 24 10 5 1 14 4 4 4 2 1 14 6 7 
1 15 8 3 20 23 6 15 2 11 1 5 4 29 8 10 12 6 4 20 1 25 14 2 34 13 6 7 12 5 19 16 1 12 1 18 1 12 1 7 4 4 24 28 2 23 3 4 5 24 5 3 16 33 7 10 10 6 6 3 25 23 1 2 1 4 10 2 15 14 2 2 0 3 14 12 2 20 4 17 7 4 2 5 19 25 6 3 1 22 11 4 12 13 2 16 4 16 3 4 2 3 15 10 5 16 1 10 13 4 3 11 15 9 1 15 1 15 9 5 18 30 8 27 2 24 1 32 4 28 3 4 4 27 17 24 4 8 2 9 
1 15 9 3 2 16 10 7 9 10 14 5 8 32 10 32 2 13 5 17 9 8 3 5 21 23 4 22 1 21 3 14 1 16 12 5 4 24 21 29 10 23 1 15 2 31 0 5 5 7 3 4 1 10 1 8 1 11 11 4 4 2 3 14 2 16 7 14 2 4 11 13 1 7 1 5 1 13 5 2 2 10 12 2 1 5 18 13 5 16 6 19 1 28 4 28 8 4 15 10 3 9 13 27 2 14 4 2 16 16 7 23 13 4 10 10 14 19 3 14 13 40 10 3 1 6 2 9 9 12 6 4 5 15 16 4 1 22 1 23 7 5 4 20 9 13 7 16 3 5 4 3 
1 15 9 5 4 3 6 3 1 6 1 13 1 11 14 4 10 5 26 15 1 28 3 36 7 5 30 26 1 23 1 8 2 6 2 26 4 2 14 7 3 2 0 5 6 5 4 6 1 7 1 8 1 9 5 4 1 31 11 25 2 17 19 4 8 3 12 18 7 19 6 7 13 3 19 6 2 12 3 12 10 2 5 6 18 7 3 2 24 33 12 9 2 5 24 2 2 10 1 11 1 15 1 24 1 2 11 2 7 18 11 2 7 10 6 7 6 5 21 7 1 15 5 32 1 16 5 31 12 4 2 5 2 11 6 13 3 7 
1 15 3 3 18 14 2 13 5 12 5 3 7 2 5 4 3 5 2 5 17 21 5 19 2 23 3 10 1 16 12 2 38 29 2 23 7 3 29 2 4 29 6 6 1 4 8 31 19 4 1 23 3 15 8 5 30 14 1 30 1 2 2 26 1 35 6 2 18 28 13 10 11 3 15 5 20 6 1 8 4 4 4 12 6 11 1 2 1 12 10 4 2 20 19 14 5 24 7 21 14 3 12 2 2 12 5 10 9 4 12 15 2 11 1 15 1 2 13 2 23 27 4 21 0 5 4 10 1 13 9 18 2 6 5 7 
1 15 12 3 16 12 3 18 3 6 10 2 5 13 9 8 0 5 5 3 2 8 3 7 1 5 1 3 2 3 15 11 4 5 1 11 5 5 3 11 5 7 1 9 1 4 2 3 1 3 11 3 3 6 4 6 11 3 14 2 2 14 1 4 8 2 28 22 11 10 14 5 19 8 1 17 3 3 7 16 1 14 3 4 25 2 1 23 1 28 4 25 7 5 26 26 1 4 3 6 1 29 1 23 9 4 4 10 3 7 9 3 4 20 13 4 23 18 1 12 1 20 4 22 4 3 11 5 1 6 1 13 6 2 23 18 3 7 
1 15 5 2 8 14 10 8 10 3 28 25 1 2 1 2 7 4 14 36 13 12 5 36 6 15 14 5 9 13 4 2 6 20 2 13 1 7 13 2 13 9 2 11 11 3 18 5 1 2 1 20 9 5 9 4 4 11 1 8 1 11 1 9 3 5 8 16 5 4 1 4 2 9 1 7 1 2 4 7 8 4 2 4 5 6 4 2 3 12 1 6 12 4 37 34 1 36 1 4 1 13 6 5 2 5 12 9 1 5 1 9 1 5 8 3 9 23 6 27 15 13 4 4 27 14 5 30 3 37 3 37 0 4 6 10 2 5 2 2 3 13 
1 15 9 4 7 11 21 31 2 2 1 28 8 5 21 22 4 2 7 5 6 26 1 2 12 3 23 18 1 8 3 15 1 4 8 13 1 2 4 12 1 2 5 3 5 22 16 12 12 12 3 4 10 27 9 3 2 6 10 30 11 4 18 21 2 3 1 7 1 3 13 3 8 34 27 20 1 25 0 4 1 5 12 7 1 8 2 11 7 3 3 3 1 10 7 3 14 3 11 5 2 9 1 10 4 4 11 3 3 28 7 11 8 21 6 2 9 23 19 8 2 5 13 5 6 17 1 9 1 8 1 14 10 2 5 6 12 16 
