15 15
2 13 1 2 5 23 21 16 12 2 57 34 10 16 0 4 18 61 29 12 11 12 14 14 6 2 71 57 3 47 14 4 5 10 1 7 6 2 1 12 8 3 17 29 5 4 21 8 4 5 10 17 6 25 2 15 5 8 7 10 3 4 6 12 6 12 2 5 5 13 10 3 16 20 2 5 5 2 11 5 15 21 67 3 1 56 1 2 1 78 5 4 76 96 4 31 12 75 6 64 13 3 5 17 19 32 19 8 2 5 10 14 2 10 8 17 17 14 1 27 2 7 4 3 4 2 2 1 8 2 3 9 2 56 34 19 49 
2 13 14 4 22 6 12 31 1 17 7 35 0 5 1 25 30 18 1 5 3 32 4 37 4 2 10 55 45 19 12 3 25 33 10 31 11 35 1 2 1 11 18 14 8 4 76 31 3 52 1 29 13 88 9 5 24 24 3 35 2 50 38 80 13 65 5 2 19 23 7 23 10 4 4 7 1 2 1 3 1 3 6 5 4 44 30 28 14 3 1 25 1 13 11 5 37 46 10 56 1 32 1 40 8 28 3 2 45 66 28 28 2 4 5 7 2 2 1 6 1 6 2 7 3 57 2 3 28 1 22 13 5 53 22 9 22 7 54 1 22 2 4 
2 13 3 3 69 40 3 3 24 42 4 4 93 6 4 89 1 86 1 14 12 3 28 28 3 15 3 5 6 3 10 44 45 16 5 2 7 5 29 30 4 32 3 43 4 20 3 8 14 5 2 2 1 6 1 7 2 6 1 2 13 4 4 3 6 9 1 5 1 11 8 4 8 9 1 7 1 2 1 6 11 2 11 7 59 6 10 5 37 10 1 38 1 7 1 6 3 37 0 2 53 23 38 13 1 4 48 17 13 7 3 46 4 62 9 4 4 7 4 4 2 2 1 8 2 5 3 53 15 12 13 3 4 2 5 28 36 10 36 18 46 8 8 8 62 
2 13 14 3 36 53 21 60 6 52 11 2 10 9 35 16 4 5 26 23 3 43 1 29 7 11 12 16 1 5 9 24 30 17 12 30 7 48 16 6 8 3 7 19 9 16 11 8 0 3 14 17 7 23 9 5 9 5 44 6 15 5 1 39 4 23 8 55 7 2 2 6 7 4 12 4 87 48 6 39 2 96 4 12 13 5 9 55 33 7 6 19 2 19 10 7 5 5 30 17 29 53 2 15 2 29 6 27 6 4 20 33 5 43 31 18 13 63 2 5 11 71 23 28 42 37 6 62 2 52 2 3 2 18 5 22 33 10 5 49 54 3 18 2 8 1 10 4 52 
2 13 2 3 28 36 57 2 6 19 0 4 22 27 5 64 6 66 42 49 9 2 37 41 61 25 3 5 13 17 1 15 1 16 1 5 1 9 10 4 5 19 48 42 3 45 16 12 13 5 10 22 12 24 5 9 2 28 2 22 11 4 2 8 4 5 2 3 1 5 14 2 10 49 88 43 7 4 37 37 11 6 1 14 1 18 5 5 28 20 4 2 2 18 2 22 1 6 4 2 5 4 3 4 8 3 3 23 20 36 42 6 1 3 87 33 1 62 2 59 2 12 5 54 44 21 88 13 35 2 31 1 31 6 4 55 62 7 37 3 70 6 38 
2 13 11 4 11 23 22 24 1 23 1 4 6 4 46 64 9 64 17 61 8 27 4 2 32 34 7 17 3 3 19 60 7 29 36 34 14 2 57 11 17 40 5 4 44 37 9 55 12 10 7 71 10 5 6 28 18 21 1 9 1 30 9 8 9 3 12 17 6 22 7 3 1 2 36 44 13 22 8 3 30 12 11 35 11 33 7 2 4 29 59 22 2 3 3 37 75 4 12 44 13 5 15 8 1 5 2 9 1 2 2 9 2 12 4 31 29 12 33 1 30 3 11 0 3 12 33 13 5 13 32 
2 13 14 3 11 15 7 9 1 10 7 3 30 19 6 41 21 21 10 2 21 10 3 16 13 5 6 33 52 76 14 57 6 22 13 70 3 2 36 18 14 36 0 5 1 3 1 4 1 4 1 4 1 5 11 3 41 23 1 49 7 41 12 3 9 4 4 7 5 17 9 5 29 13 17 31 7 16 4 27 1 27 5 5 10 19 7 3 5 3 1 15 1 4 8 4 39 49 2 29 3 49 8 34 1 3 60 4 1 70 27 10 2 5 7 3 57 33 2 40 1 27 1 46 2 6 2 14 10 6 12 4 3 36 32 15 45 2 31 
2 13 7 5 22 13 44 10 4 28 6 25 1 27 14 3 34 60 14 59 24 60 5 4 11 9 1 23 19 13 4 33 11 2 17 66 73 72 4 2 26 15 42 28 6 4 10 13 5 18 1 3 2 9 3 4 2 8 2 6 3 9 2 8 0 2 29 7 4 8 8 3 13 14 29 31 18 43 10 3 12 8 4 18 2 6 12 2 1 2 9 10 13 5 38 41 5 29 14 58 2 35 1 31 1 2 11 13 27 32 2 2 5 20 92 39 37 2 81 12 39 26 22 9 2 7 15 8 6 
2 13 13 2 3 6 3 4 8 5 42 84 6 58 21 61 1 45 16 7 2 5 7 24 22 11 1 21 1 11 9 2 9 5 4 46 4 10 56 66 8 76 7 58 12 5 2 46 83 58 3 86 1 23 3 66 11 5 15 10 2 3 2 20 3 18 1 3 5 2 38 34 51 79 10 5 86 57 1 72 5 51 1 80 2 4 6 5 17 57 68 66 3 42 2 76 1 59 7 2 56 66 16 23 0 4 6 47 23 40 18 32 33 75 1 5 43 59 7 46 6 8 1 26 3 7 3 2 9 17 47 18 2 4 2 5 47 46 23 14 5 18 2 2 17 1 6 1 15 1 2 
2 13 1 3 7 8 29 25 10 30 6 5 3 6 6 8 3 2 9 20 7 18 5 2 10 17 24 6 11 3 64 68 11 75 2 27 4 3 18 2 7 8 22 22 0 5 6 4 1 7 1 9 1 3 1 8 14 3 46 13 1 14 2 28 8 5 52 72 22 57 1 77 1 61 1 77 10 2 11 10 37 29 7 4 12 18 6 13 1 7 5 8 12 4 5 2 1 3 1 3 1 7 2 3 8 22 44 63 20 30 13 5 1 9 4 32 30 44 14 7 6 15 2 9 2 16 21 13 2 3 4 28 36 9 39 2 25 1 27 
2 13 10 3 9 3 6 13 7 18 4 2 81 61 8 80 12 4 20 44 16 75 35 40 8 63 0 2 6 7 1 2 9 2 7 15 8 2 1 2 3 2 3 3 11 5 17 11 10 5 1 30 1 23 1 11 6 2 12 16 26 16 5 4 2 2 6 4 1 11 2 10 8 4 28 6 1 2 22 28 1 11 3 5 2 20 11 6 3 13 3 8 1 16 7 3 3 5 1 2 1 2 14 4 4 2 2 2 2 4 1 7 2 2 3 14 14 1 5 5 3 13 5 16 5 3 16 6 25 2 22 1 5 
2 13 5 4 3 18 38 22 2 27 30 41 14 3 19 39 8 45 29 39 2 3 26 17 3 35 8 18 3 4 3 11 4 9 9 6 6 14 13 2 14 23 11 4 6 4 14 34 19 27 2 13 23 21 1 5 4 7 1 8 1 8 1 8 1 3 7 2 88 11 5 11 4 2 86 46 2 48 8 3 6 9 9 17 2 13 12 5 1 5 1 3 5 2 1 7 1 2 11 4 29 23 10 6 21 11 9 30 10 5 50 55 18 67 1 52 1 59 1 49 2 9 5 16 61 56 13 7 21 2 18 4 35 0 2 36 19 19 55 
2 13 9 4 31 74 26 28 1 36 27 82 14 4 2 41 47 46 6 42 3 38 3 5 36 32 1 33 6 20 1 2 2 28 8 2 56 18 8 40 2 2 31 15 18 13 6 3 16 17 5 2 16 13 1 3 4 32 7 16 22 24 4 4 2 14 2 11 8 12 18 16 5 4 12 20 11 7 1 24 2 26 0 3 6 17 12 14 2 17 13 4 16 50 56 11 1 62 1 4 10 4 20 5 41 23 15 63 1 36 12 2 71 99 28 40 2 11 4 10 33 39 6 1 40 6 48 7 4 14 2 2 2 4 16 1 9 
2 13 10 4 13 2 1 6 1 12 2 11 3 4 4 10 9 11 6 18 5 24 4 4 46 34 31 56 4 55 8 25 5 2 2 6 13 12 11 4 18 20 28 20 7 26 7 58 1 3 16 37 6 17 20 8 8 4 92 64 2 27 1 89 3 10 2 2 18 14 46 50 13 5 51 20 13 79 22 76 2 41 4 5 0 5 22 23 1 55 8 12 27 51 5 38 7 2 18 12 34 12 12 2 44 3 10 51 6 4 53 72 7 58 2 58 13 43 2 14 5 19 16 1 4 1 19 1 11 1 12 9 5 6 35 1 28 23 26 1 5 7 27 
2 13 3 5 4 5 1 2 1 8 1 6 1 3 5 2 12 13 5 4 11 5 1 16 51 44 1 6 2 6 1 32 7 4 58 31 31 33 1 59 3 14 14 4 11 21 13 26 1 11 1 2 9 5 56 52 2 20 2 41 1 52 1 55 6 3 1 5 5 7 1 4 10 2 40 38 48 87 0 4 35 67 5 79 20 40 37 16 1 5 2 2 2 2 1 2 1 4 1 3 2 3 33 9 5 34 5 33 8 4 8 5 17 26 1 28 3 29 13 3 15 25 2 20 18 7 2 12 2 47 62 40 27 4 4 52 12 3 13 1 37 1 27 
