15 15
2 8 1 2 2 12 24 7 12 3 39 41 23 22 5 57 0 2 22 3 50 2 6 4 38 32 7 23 17 40 12 44 14 2 10 4 3 12 8 5 33 13 3 38 3 3 1 26 3 23 4 5 8 16 6 26 9 9 2 29 5 16 3 5 12 12 2 12 2 3 1 11 2 15 7 10 2 4 19 19 18 11 5 28 45 26 80 16 43 13 15 2 21 5 2 94 24 4 28 13 4 26 38 6 29 3 13 8 31 2 2 24 11 14 21 7 5 1 2 1 5 1 3 1 5 4 3 9 3 28 32 19 53 28 10 
2 8 14 5 1 25 8 42 26 37 1 31 6 4 0 2 33 5 6 39 4 3 24 51 13 37 18 38 12 2 3 9 43 3 1 5 7 15 2 14 6 6 3 10 1 17 8 2 33 69 60 78 9 5 19 9 53 57 1 65 4 50 3 33 5 2 15 23 11 12 7 10 3 5 4 1 3 1 7 6 2 40 24 10 27 11 3 24 11 26 33 7 21 3 3 31 9 19 8 23 57 2 3 4 9 1 6 4 8 7 3 19 13 20 57 22 28 13 4 53 57 9 67 1 51 9 66 
2 8 3 4 54 92 18 70 5 15 19 34 4 4 94 78 1 51 3 29 1 12 12 5 21 28 9 9 1 12 1 20 2 19 6 4 32 37 16 8 10 33 2 22 7 4 12 9 19 22 6 15 6 40 14 4 1 6 3 3 1 2 2 2 13 3 7 12 1 4 4 9 8 5 5 2 1 4 3 7 1 8 1 2 7 11 2 32 69 38 34 10 3 12 33 28 38 3 16 0 4 4 32 1 7 73 33 13 72 1 4 61 51 3 55 2 43 2 31 9 4 1 6 2 11 4 6 4 3 5 3 6 48 55 66 7 28 2 5 42 56 23 68 4 65 1 46 2 49 
2 8 14 2 23 47 40 43 11 3 3 14 41 15 1 30 4 4 32 20 14 25 1 15 2 45 1 5 32 45 27 27 2 40 2 74 11 70 8 4 9 20 14 20 2 13 2 2 0 2 17 11 13 2 9 5 50 63 13 56 3 50 5 24 1 25 7 2 8 9 1 6 7 12 2 9 70 90 49 13 2 24 5 36 22 5 4 16 57 46 9 3 24 4 22 6 2 63 65 6 20 2 3 50 75 18 5 16 18 3 4 21 30 3 8 6 12 10 24 10 3 13 53 31 26 15 15 
2 8 2 3 86 72 4 83 1 6 0 5 16 40 43 52 10 72 4 9 2 17 9 3 52 46 10 80 36 93 3 4 11 8 3 7 2 3 1 16 10 2 59 18 13 6 13 5 16 30 4 26 5 17 4 24 2 13 11 2 4 4 5 8 14 4 65 9 3 95 23 8 7 62 7 7 5 1 30 43 14 3 30 1 10 2 38 5 2 25 20 12 3 4 4 5 6 1 6 1 6 1 5 8 5 3 4 43 36 6 49 1 53 12 61 1 4 49 39 11 42 26 82 4 17 12 4 23 32 50 4 14 31 4 30 6 3 29 10 18 31 24 28 
2 8 11 3 6 4 8 19 21 4 6 5 10 61 15 66 39 61 12 38 4 10 4 3 7 31 31 15 1 35 3 3 42 15 5 56 15 28 14 3 44 10 4 67 26 37 5 3 13 43 49 35 10 35 10 5 6 12 25 14 1 23 1 10 2 30 9 4 8 15 9 19 5 15 3 14 7 1 5 16 31 26 10 4 9 1 22 2 37 8 5 6 4 29 22 7 20 4 12 6 6 7 2 4 49 59 39 2 2 10 39 80 76 13 4 4 7 2 7 13 3 2 17 12 3 36 47 6 30 5 10 0 4 12 20 2 8 15 5 9 19 
2 8 14 5 9 3 1 19 4 17 1 5 4 11 7 3 26 27 16 53 15 57 10 5 4 21 2 13 5 7 11 12 2 16 13 3 77 27 8 66 6 35 3 3 17 2 29 24 4 47 0 4 2 3 1 5 1 3 1 4 11 4 10 25 22 39 1 2 16 9 12 4 15 18 1 11 1 17 1 9 7 9 2 1 58 57 20 5 4 6 6 8 24 5 24 5 2 8 3 34 6 16 18 2 41 1 5 83 80 2 60 1 47 1 87 1 27 2 5 63 3 2 43 1 61 1 45 1 5 6 3 13 16 2 17 5 10 4 2 37 7 16 4 
2 8 7 5 8 34 57 5 2 72 7 4 3 11 14 5 34 10 9 3 3 58 16 9 10 38 5 2 28 13 7 9 11 5 55 40 3 41 10 52 4 50 18 72 4 3 63 9 2 34 3 8 6 3 12 2 2 18 4 11 3 3 3 4 5 6 1 2 0 3 2 21 7 31 24 2 7 8 3 5 47 15 50 40 21 10 2 11 13 7 12 12 5 6 7 1 8 1 8 1 10 1 10 13 5 26 34 26 24 5 4 1 18 2 29 1 3 6 26 25 38 7 8 2 3 53 84 6 34 40 84 9 3 5 11 6 7 4 2 
2 8 13 2 1 5 5 2 8 2 60 37 26 81 2 2 32 8 8 36 9 5 15 13 1 75 58 68 2 9 3 57 12 5 71 59 7 33 7 38 4 33 3 60 11 5 16 22 2 11 1 17 3 18 1 3 5 4 73 81 14 15 1 33 1 73 10 5 23 69 9 94 4 95 30 46 29 68 7 6 4 62 6 2 40 2 77 25 71 7 4 29 59 33 29 2 36 8 36 0 3 45 2 10 7 25 38 1 5 52 49 4 24 1 5 2 43 1 11 3 2 23 51 33 11 4 5 21 43 13 8 4 47 7 43 6 26 14 5 14 7 6 16 1 10 1 15 1 14 
2 8 1 2 15 23 31 24 6 5 3 7 18 14 2 24 2 12 3 24 5 5 28 22 1 2 2 8 1 5 2 16 11 5 72 50 1 31 1 40 1 24 2 16 4 5 37 44 6 10 2 41 1 25 1 3 0 3 3 2 6 5 1 9 14 2 8 2 41 40 8 3 7 60 14 56 56 3 7 10 4 10 43 16 24 21 28 1 6 7 2 21 5 3 18 12 5 1 2 4 6 1 4 1 3 1 4 2 2 50 36 22 39 13 3 11 41 18 45 26 47 9 5 23 3 3 21 1 25 1 19 1 7 3 3 3 19 9 10 28 15 
2 8 10 5 3 13 13 5 3 8 2 11 1 5 4 5 36 36 23 76 17 77 1 67 12 26 12 2 32 4 47 42 0 5 3 4 1 5 1 7 1 6 1 3 9 5 11 9 1 3 1 13 1 10 1 7 1 2 3 5 3 5 11 4 24 7 1 7 1 9 4 10 6 4 35 4 1 18 1 36 1 15 7 5 3 5 3 4 6 2 11 8 3 17 11 33 43 2 19 3 4 7 4 2 19 9 16 2 19 7 4 1 4 2 4 1 4 1 3 14 4 1 5 4 9 3 8 1 9 2 2 8 16 12 8 13 5 3 18 1 20 13 23 1 21 10 12 
2 8 5 2 48 10 25 62 14 2 50 52 6 56 2 5 28 31 4 21 3 13 1 24 1 6 3 5 6 14 4 16 4 20 5 11 3 15 13 2 7 25 18 19 6 3 41 48 11 45 6 26 1 2 4 2 4 6 7 4 78 57 4 50 1 23 10 50 7 4 2 69 60 19 16 8 4 14 13 1 16 1 10 1 17 12 3 5 9 3 3 1 4 11 4 54 22 11 7 1 3 3 67 10 2 23 47 48 51 9 2 49 38 36 42 0 5 21 38 17 5 7 39 7 46 3 38 
2 8 9 2 48 14 37 25 14 5 43 15 7 49 6 13 1 37 1 40 3 2 25 12 21 18 8 5 52 8 7 41 3 14 1 34 1 11 2 5 30 34 4 26 9 26 5 7 1 27 6 3 20 19 7 23 10 28 1 2 1 4 32 15 4 3 13 5 3 16 14 8 7 5 4 4 4 9 11 11 16 2 21 0 3 9 13 6 5 5 19 13 3 19 43 35 45 20 29 10 2 53 73 24 65 12 4 17 37 59 60 17 49 6 73 11 4 46 8 5 33 1 24 4 14 7 3 5 15 7 9 9 8 
2 8 10 4 2 6 10 7 4 3 1 16 3 4 20 18 2 10 1 2 1 6 4 5 2 87 59 22 5 35 8 8 15 44 5 2 12 4 3 11 11 2 17 51 43 36 1 5 22 25 10 14 8 3 1 17 1 2 8 2 46 24 52 90 2 5 30 7 27 28 3 25 2 30 2 2 7 13 2 46 61 46 47 0 2 32 18 31 38 7 5 13 7 16 22 17 49 2 44 4 52 12 5 2 19 44 45 3 31 2 4 3 20 6 2 54 14 21 43 14 3 18 9 2 23 3 10 9 3 22 15 9 9 7 18 
2 8 3 4 2 4 4 2 1 7 1 5 5 3 5 16 2 7 10 9 11 2 2 30 54 4 7 3 71 85 20 3 2 46 14 5 11 17 6 13 2 25 1 9 6 15 9 4 32 14 2 3 17 23 11 8 6 3 2 6 4 6 1 6 10 4 54 55 10 7 15 59 9 50 7 0 4 46 4 35 85 8 32 8 87 1 5 2 5 1 2 2 6 1 2 1 5 2 5 30 7 5 25 6 7 1 8 1 12 8 4 15 6 1 25 11 21 2 22 13 5 23 22 1 7 5 27 1 2 5 33 12 4 41 51 33 83 7 11 6 85 4 5 41 46 9 13 4 57 1 57 2 21 
