15 15
5 3 1 2 9 12 17 7 12 3 53 13 12 62 2 51 0 5 61 58 3 45 6 5 1 60 1 72 3 6 2 30 54 44 32 14 3 7 7 4 5 2 13 8 3 38 38 3 26 2 10 3 4 5 10 28 1 21 3 15 14 4 2 30 3 5 2 6 5 2 9 19 1 2 2 3 10 3 18 21 1 10 4 18 3 11 5 62 59 16 79 5 62 1 47 1 55 5 2 90 32 8 95 13 3 29 8 1 19 13 42 3 2 3 33 27 2 3 3 9 7 5 3 7 1 2 2 3 1 2 1 4 9 4 54 29 11 59 1 66 9 57 
5 3 14 4 9 42 10 24 3 17 20 29 0 5 31 33 3 36 1 23 1 18 3 6 4 2 53 21 2 18 3 12 2 29 22 17 30 1 3 1 18 10 8 8 6 8 5 35 17 29 19 3 15 3 78 23 45 3 9 4 75 20 1 42 3 32 1 40 5 2 15 26 11 5 10 3 1 4 2 3 4 4 3 6 5 32 49 6 26 7 39 1 16 4 8 11 3 19 20 2 33 36 37 3 4 39 4 10 61 9 48 15 38 3 2 4 6 7 1 5 1 7 1 2 7 5 31 27 20 38 4 53 4 20 2 10 13 5 22 47 7 35 38 15 2 38 3 47 
5 3 3 2 36 2 60 18 4 5 4 29 60 40 16 31 8 63 11 3 12 5 5 11 8 21 12 5 5 6 4 26 3 6 5 6 44 22 39 28 32 1 12 3 28 7 3 23 41 13 20 7 4 14 2 2 7 5 7 3 13 5 5 8 4 6 1 2 1 4 1 7 8 4 2 4 4 3 1 3 4 6 11 5 65 57 2 30 1 16 1 55 1 33 3 10 4 26 41 12 8 4 28 1 10 0 5 64 79 22 86 3 12 1 56 1 87 1 4 33 25 10 46 8 44 17 66 3 9 5 5 7 1 9 3 11 1 6 1 4 5 2 57 64 11 24 2 4 4 23 11 6 34 15 23 64 
5 3 14 2 56 12 7 12 11 4 14 42 5 15 25 43 1 13 4 3 29 32 4 31 16 29 3 1 5 44 9 22 68 5 65 1 10 2 46 8 5 23 14 1 19 1 23 1 25 1 24 0 4 18 16 8 19 2 13 2 13 3 9 5 31 48 35 4 2 20 1 8 3 63 7 4 1 6 6 7 1 2 1 2 12 4 2 12 49 77 40 61 8 10 3 13 5 49 58 7 52 1 3 1 54 2 59 5 3 8 67 8 36 53 26 6 5 59 11 2 30 3 51 4 64 1 66 3 2 4 48 61 8 53 22 64 6 76 3 5 17 29 7 40 12 39 2 5 2 25 10 2 27 4 32 22 
5 3 2 5 83 20 5 41 1 53 1 49 1 36 0 4 58 43 15 34 1 13 1 66 9 4 69 73 14 90 2 13 13 50 3 3 5 1 14 6 4 3 3 4 16 3 17 10 2 23 5 49 17 13 2 12 7 19 29 3 11 4 3 5 2 8 3 5 1 3 14 5 90 62 1 25 2 31 2 10 3 30 7 5 13 15 1 48 34 26 1 30 1 13 3 5 4 7 4 19 14 8 17 3 13 4 5 1 8 1 8 1 4 4 8 1 6 8 4 6 2 23 46 23 25 13 39 3 1 3 34 69 41 60 15 60 12 5 26 50 40 67 19 90 4 29 2 88 6 5 41 2 5 39 17 46 7 65 1 36 
5 3 11 3 9 10 21 32 5 31 6 2 31 72 49 25 4 2 10 9 29 8 3 3 4 32 50 6 3 14 24 10 29 14 4 8 37 24 50 41 36 1 52 5 5 50 30 15 64 2 34 4 3 1 8 3 10 4 25 32 3 22 3 34 4 20 9 5 14 11 8 16 1 10 1 11 1 17 1 4 34 5 10 24 2 32 3 3 3 8 4 25 35 14 3 1 7 12 20 7 5 43 56 12 18 5 12 1 36 2 13 2 2 57 52 33 15 3 13 4 17 7 2 16 1 2 1 21 12 5 13 33 13 26 9 36 9 17 3 34 0 2 22 28 16 20 
5 3 14 5 15 8 1 4 1 14 1 12 1 17 7 4 45 2 4 39 6 18 2 27 10 3 7 21 7 13 10 10 3 13 3 52 22 4 57 35 57 3 5 5 31 27 40 1 41 6 8 11 8 0 4 1 5 1 2 1 5 2 5 3 11 5 19 25 12 41 7 41 4 31 7 11 12 2 8 15 10 5 9 5 26 8 2 24 8 41 1 29 21 34 3 5 4 4 20 15 21 3 8 2 24 8 2 5 28 47 25 1 3 34 64 25 36 29 79 3 2 5 61 68 3 61 1 61 1 39 2 8 6 5 5 5 1 10 5 5 5 11 4 3 4 2 17 31 36 28 
5 3 7 5 46 77 11 2 11 44 2 21 7 9 14 2 1 57 71 68 5 2 25 35 10 9 3 11 4 36 25 32 48 18 80 4 39 4 5 59 11 3 57 1 6 4 4 1 21 6 3 9 11 7 12 2 11 3 3 5 4 5 2 8 1 2 1 8 1 2 0 2 1 20 32 20 8 3 45 59 4 2 11 44 3 10 4 8 15 2 5 1 7 7 18 12 3 1 4 5 2 4 5 13 5 34 49 11 14 10 45 1 34 4 5 3 1 4 34 17 2 8 1 34 1 5 2 5 77 66 11 80 2 73 6 28 3 42 9 5 11 7 1 6 1 10 1 8 1 12 
5 3 13 5 1 2 1 6 2 2 1 3 1 2 8 4 42 18 38 36 1 70 5 59 2 4 17 31 16 37 2 2 5 13 3 9 3 60 54 7 71 12 78 12 4 68 70 14 16 5 44 5 63 11 2 10 2 13 2 3 5 5 5 79 32 43 46 82 5 18 1 10 10 5 21 23 11 43 37 21 23 64 3 83 6 3 61 21 1 9 29 9 3 7 2 22 21 50 65 0 4 58 48 8 16 12 5 2 40 1 3 8 43 39 10 13 21 3 3 4 50 9 4 45 1 48 1 39 4 2 5 2 46 10 14 5 5 18 10 13 1 16 4 10 3 5 
5 3 1 3 28 10 8 28 10 14 6 3 25 4 2 22 1 12 5 4 30 23 2 12 1 20 1 5 3 11 2 68 49 9 77 4 5 23 40 14 5 3 43 2 38 5 45 0 4 4 2 4 5 1 8 1 5 3 14 5 11 16 18 39 13 29 3 45 4 9 8 4 28 69 1 40 34 42 14 47 10 4 30 41 8 40 4 2 6 22 3 7 4 18 15 4 5 1 5 1 20 12 3 2 2 4 7 2 2 2 3 14 29 4 20 54 70 3 13 4 51 20 2 3 1 33 1 47 9 5 4 28 17 22 5 26 1 14 2 7 3 4 33 32 5 27 1 28 1 22 
5 3 10 3 4 3 6 16 12 10 4 4 50 59 35 65 3 86 1 57 12 5 40 4 16 21 15 75 7 67 1 41 3 0 3 3 4 3 7 1 6 9 2 5 7 10 10 1 5 1 3 1 2 1 4 2 5 1 5 3 11 5 4 30 14 21 10 15 1 22 1 25 6 4 28 37 7 8 2 16 1 3 5 3 6 5 3 3 2 3 3 8 4 36 27 3 3 10 2 3 45 3 2 2 14 18 14 7 4 1 5 1 4 2 3 1 3 3 14 4 6 2 1 5 1 8 1 2 2 4 17 17 1 17 1 18 1 4 13 4 3 18 10 23 2 22 13 27 
5 3 5 3 67 56 3 51 3 27 14 2 39 41 17 45 2 2 15 15 22 22 3 3 4 6 18 11 17 1 22 4 4 13 4 2 23 21 7 1 21 1 19 6 5 54 42 1 15 1 8 1 20 1 43 3 1 2 1 6 7 8 7 5 37 30 2 21 40 40 8 47 6 4 4 2 76 46 12 38 3 8 3 14 6 1 10 2 14 12 2 1 6 8 2 11 5 54 29 12 38 1 2 1 35 1 27 3 10 4 14 15 44 39 10 39 3 68 9 4 58 65 12 62 1 41 14 71 0 2 14 37 41 25 
5 3 9 5 73 67 1 55 1 17 5 76 5 20 14 4 30 54 2 28 8 40 18 10 3 4 37 2 6 41 1 20 2 45 3 8 4 9 8 40 16 4 25 11 40 2 4 32 31 2 38 11 6 4 48 6 3 35 10 1 18 1 22 3 1 3 11 3 8 10 14 11 4 3 6 21 18 27 6 27 5 2 15 6 11 16 3 0 4 9 5 4 19 3 13 4 8 13 3 20 45 4 61 50 14 10 3 46 66 25 75 6 52 3 12 4 18 36 57 5 20 44 4 74 11 4 27 51 19 31 8 12 2 19 7 4 4 10 8 19 5 21 4 21 
5 3 10 4 8 16 2 13 5 14 2 17 3 3 16 7 5 5 3 12 4 2 78 2 11 8 3 5 5 3 9 6 14 1 3 1 7 4 12 11 3 53 40 4 25 3 42 1 5 13 16 25 17 1 5 1 25 2 34 3 8 4 63 37 4 60 27 28 4 41 2 5 47 52 4 24 8 19 3 5 2 64 13 4 56 29 24 12 9 62 3 82 3 0 4 41 47 16 47 1 63 5 32 7 3 42 30 1 38 9 48 12 2 6 48 48 21 3 6 5 63 45 7 22 3 27 1 46 1 9 14 4 2 7 5 15 4 18 12 3 9 2 14 6 24 26 
5 3 3 4 4 3 1 5 1 8 2 6 5 3 12 16 4 10 1 9 11 2 51 14 5 55 3 7 3 23 88 21 90 49 8 14 4 12 22 12 13 1 13 1 4 9 4 10 51 3 51 28 45 21 32 3 6 3 1 4 5 5 1 5 10 3 80 48 6 43 2 19 0 3 57 24 1 13 39 3 3 1 5 3 3 1 3 1 2 1 3 1 2 2 3 2 37 24 33 17 41 8 2 23 7 6 18 3 13 3 18 28 3 27 14 10 12 4 81 69 3 29 1 5 2 52 4 4 33 34 19 14 2 56 3 53 
