10 10
2 6 0 3 23 8 4 2 2 26 1 2 74 75 4 63 2 2 6 7 3 2 3 2 1 11 35 6 4 5 30 28 14 9 1 48 1 24 3 45 5 3 5 7 2 5 4 2 4 6 5 13 35 5 31 1 59 17 37 26 7 7 4 11 49 43 7 1 35 1 20 8 2 21 4 23 13 9 5 6 19 5 19 3 13 3 5 4 11 
2 6 0 3 28 23 9 16 6 15 2 4 69 54 18 73 1 9 2 31 4 3 17 17 45 9 13 14 9 5 2 11 5 7 2 5 1 2 1 2 3 5 45 23 20 32 1 48 2 16 1 31 1 2 25 6 3 5 4 6 4 11 21 9 18 2 46 24 27 5 2 11 24 35 5 7 2 10 70 62 58 8 3 22 19 2 24 6 5 
2 6 1 5 1 27 65 41 19 68 5 53 1 57 0 2 63 85 22 76 3 5 17 19 12 14 1 31 1 39 8 10 2 5 68 37 2 49 2 73 1 15 1 6 8 4 45 55 17 29 19 72 9 60 5 4 6 7 2 6 1 4 1 10 4 7 2 7 2 5 6 6 5 79 14 7 19 1 19 1 88 1 67 9 3 18 35 19 12 8 41 4 4 4 2 19 4 7 33 3 24 
2 6 1 3 53 31 21 48 7 25 2 2 6 22 89 25 0 3 15 6 53 63 3 65 4 5 89 72 2 85 6 68 1 67 1 62 6 2 1 3 8 6 8 3 35 17 7 8 10 39 4 7 3 66 34 5 41 14 60 3 2 74 68 24 72 9 2 2 5 20 10 5 2 2 17 41 29 
2 6 2 5 4 13 3 3 4 13 2 4 1 13 0 4 3 6 1 4 1 5 1 4 1 4 19 18 1 6 1 18 1 9 5 4 23 31 19 2 3 14 16 49 3 5 13 4 8 18 1 13 2 12 2 26 4 5 17 40 24 34 24 3 3 38 1 21 4 8 4 13 13 1 9 6 14 1 4 7 5 35 29 2 5 4 25 3 23 5 26 9 3 42 12 15 26 15 46 6 2 28 7 25 46 
2 6 2 3 68 56 1 12 15 72 1 2 1 2 1 2 5 3 42 40 7 20 3 19 3 4 17 13 65 94 3 90 10 29 8 5 6 5 27 9 2 28 11 20 2 3 9 4 11 31 22 9 10 36 29 8 4 0 3 11 45 12 8 24 40 6 5 38 33 12 7 2 3 3 17 10 12 4 4 3 2 1 2 1 6 1 3 7 2 22 17 3 3 
2 6 1 4 1 11 33 36 5 21 7 32 0 5 3 36 12 3 18 18 1 30 3 8 3 5 20 25 15 39 2 5 20 31 4 45 2 4 4 7 7 12 1 8 1 7 6 3 7 9 23 20 2 23 5 3 16 18 3 11 2 12 4 9 3 29 5 2 27 1 26 8 4 68 80 13 28 3 75 5 28 7 2 24 22 6 29 4 4 8 47 14 23 24 4 9 6 
2 6 2 5 22 24 1 21 6 5 1 5 1 27 0 4 27 40 2 19 47 79 10 62 1 2 5 40 41 27 5 3 55 20 14 72 5 33 4 2 27 15 5 26 6 5 57 75 19 7 7 22 1 44 4 44 4 8 4 13 12 4 4 1 7 1 15 9 4 44 27 2 17 1 36 1 21 7 4 16 32 3 6 5 11 12 9 3 3 24 34 52 63 3 74 
2 6 0 4 72 39 1 65 2 16 1 45 1 3 39 27 21 13 9 56 3 5 50 7 6 55 2 30 17 18 1 11 5 2 45 41 6 43 2 3 54 17 13 18 18 51 9 5 1 8 6 11 1 5 2 2 1 7 4 6 2 14 2 26 32 7 3 42 53 21 84 26 11 4 3 1 6 10 22 15 5 8 5 5 26 66 21 1 61 1 3 1 45 
2 6 1 2 23 36 62 81 0 3 6 7 2 11 5 10 2 3 48 21 7 15 6 12 6 3 4 2 2 4 1 2 8 4 12 11 29 43 10 56 13 46 9 5 2 48 51 62 21 24 1 2 1 11 4 5 3 16 19 7 34 24 39 3 2 45 14 7 36 4 3 71 39 18 47 1 9 7 4 26 41 9 45 6 21 4 5 
